12.852244897959183, 12.887074829931972, 29
75.70866213151928, 75.74349206349207, 29
0.0, 0.18575963718820862, 33
5.688888888888889, 5.88625850340136, 33
22.836825396825397, 22.871655328798187, 33
28.560544217687074, 28.76952380952381, 33
34.28426303854875, 34.33070294784581, 33
45.67365079365079, 46.76498866213152, 33
51.43219954648526, 52.11718820861678, 33
62.83319727891156, 62.87963718820862, 33
74.2574149659864, 74.33868480725623, 33
79.99274376417233, 80.08562358276644, 33
86.36662131519275, 86.42467120181406, 33
91.37052154195011, 92.48507936507937, 33
97.15229024943311, 97.86049886621315, 33
102.80634920634921, 102.85278911564626, 33
102.88761904761905, 102.98049886621315, 33
114.25378684807256, 115.33351473922903, 33
125.70122448979592, 125.8637641723356, 33
131.43655328798187, 131.52943310657596, 33
137.14866213151927, 137.19510204081632, 33
137.5201814058957, 137.88009070294785, 33
148.56126984126985, 148.66575963718822, 33
154.2965986394558, 154.61006802721087, 33
159.96226757369615, 160.6356462585034, 33
165.7208163265306, 166.42902494331065, 33
34.21460317460318, 34.27265306122449, 34
102.79473922902494, 102.84117913832199, 34
19.644081632653062, 19.89950113378685, 36
25.33297052154195, 25.36780045351474, 36
33.924353741496596, 33.982403628117915, 36
59.965532879818596, 60.03519274376417, 36
65.35256235827664, 65.90984126984127, 36
79.63283446712018, 79.93469387755103, 36
102.5277097505669, 102.69024943310657, 36
125.35292517006803, 125.56190476190476, 36
140.3762358276644, 140.45750566893423, 36
148.21297052154196, 148.42195011337867, 36
159.23083900226757, 159.27727891156462, 36
168.54204081632653, 171.8160544217687, 36
44.965442176870745, 45.65043083900227, 40
45.66204081632653, 45.72009070294784, 40
90.69714285714285, 91.44018140589569, 40
113.54557823129252, 114.28861678004534, 40
159.24244897959184, 159.95065759637188, 40
12.852244897959183, 12.945124716553288, 41
18.5643537414966, 18.668843537414965, 41
24.276462585034015, 24.346122448979592, 41
29.98857142857143, 30.093061224489794, 41
35.70068027210884, 36.79201814058957, 41
41.40117913832199, 42.504126984126984, 41
52.82539682539682, 53.92834467120181, 41
58.56072562358277, 58.65360544217687, 41
64.28444444444445, 64.3308843537415, 41
69.99655328798185, 70.06621315192744, 41
75.70866213151928, 75.74349206349207, 41
75.75510204081633, 75.80154195011337, 41
81.39755102040816, 82.50049886621315, 41
87.10965986394558, 88.22421768707483, 41
98.54548752834467, 99.64843537414966, 41
104.2227664399093, 105.36054421768708, 41
109.9697052154195, 111.07265306122449, 41
121.4055328798186, 122.49687074829932, 41
127.11764172335602, 128.220589569161, 41
132.82975056689344, 133.93269841269841, 41
149.97768707482993, 151.0806349206349, 41
155.68979591836734, 156.79274376417234, 41
167.11401360544218, 168.54204081632653, 41
50.73560090702948, 51.23482993197279, 44
51.28126984126984, 51.40897959183673, 44
96.44408163265307, 97.15229024943311, 44
142.12934240362813, 142.84916099773244, 44
165.02421768707484, 165.70920634920634, 44
0.0, 1.1377777777777778, 45
5.688888888888889, 6.780226757369615, 45
11.412607709750567, 12.469115646258503, 45
13.885532879818594, 13.94358276643991, 45
17.11310657596372, 18.192834467120182, 45
19.59764172335601, 19.644081632653062, 45
22.836825396825397, 23.91655328798186, 45
25.33297052154195, 25.402630385487527, 45
28.54893424036281, 29.61705215419501, 45
31.0334693877551, 31.068299319727892, 45
34.27265306122449, 35.00408163265306, 45
39.9847619047619, 40.78585034013606, 45
51.420589569160995, 52.21006802721089, 45
57.109478458049885, 58.200816326530614, 45
59.60562358276644, 59.65206349206349, 45
62.85641723356009, 63.901315192743766, 45
65.31773242630385, 65.35256235827664, 45
68.54530612244898, 69.61342403628117, 45
71.04145124716554, 71.09950113378684, 45
74.2574149659864, 75.33714285714285, 45
79.98113378684808, 80.72417233560091, 45
85.70485260770975, 86.44789115646259, 45
91.38213151927438, 92.5082993197279, 45
97.14068027210884, 97.87210884353742, 45
102.82956916099774, 103.93251700680273, 45
108.54167800453514, 109.64462585034013, 45
114.2421768707483, 115.36834467120181, 45
119.96589569160997, 121.06884353741496, 45
125.68961451247165, 126.43265306122449, 45
131.41333333333333, 132.15637188208618, 45
148.56126984126985, 149.28108843537416, 45
154.27337868480726, 155.01641723356008, 45
159.96226757369615, 161.08843537414967, 45
165.70920634920634, 166.44063492063492, 45
0.0, 0.034829931972789115, 48
5.712108843537415, 5.746938775510204, 48
12.852244897959183, 17.066666666666666, 48
18.52952380952381, 22.76716553287982, 48
30.023401360544216, 33.935963718820865, 48
36.73396825396826, 39.64807256235828, 48
42.457687074829934, 44.977052154195015, 48
48.18140589569161, 50.654331065759635, 48
53.881904761904764, 57.0746485260771, 48
58.595555555555556, 62.77514739229025, 48
63.87809523809524, 63.91292517006803, 48
64.24961451247165, 68.49886621315193, 48
75.74349206349207, 79.89986394557823, 48
85.40299319727892, 85.57714285714286, 48
88.17777777777778, 90.67392290249433, 48
93.90149659863945, 96.37442176870748, 48
99.6019954648526, 102.50448979591837, 48
102.53931972789115, 102.7134693877551, 48
105.32571428571428, 108.50684807256236, 48
116.76154195011338, 119.93106575963719, 48
128.1625396825397, 131.0766439909297, 48
131.1114739229025, 131.32045351473923, 48
139.63319727891155, 142.08290249433108, 48
145.31047619047618, 148.45678004535148, 48
156.73469387755102, 159.2888888888889, 48
162.4816326530612, 164.94294784580498, 48
168.54204081632653, 171.5374149659864, 48
0.0, 1.3931972789115645, 52
2.48453514739229, 4.31891156462585, 52
5.688888888888889, 7.1053061224489795, 52
8.196643990929704, 10.042630385487529, 52
11.42421768707483, 12.689705215419501, 52
13.897142857142857, 15.685079365079366, 52
17.136326530612244, 18.483083900226756, 52
19.60925170068027, 21.478458049886623, 52
22.84843537414966, 24.11392290249433, 52
25.33297052154195, 27.144126984126984, 52
28.572154195011336, 29.826031746031745, 52
31.045079365079363, 32.90267573696145, 52
42.48090702947846, 42.515736961451246, 52
44.98866213151928, 45.743310657596375, 52
53.90512471655329, 53.939954648526076, 52
57.14430839002267, 58.39818594104308, 52
59.6172335600907, 61.52126984126984, 52
62.85641723356009, 64.17995464852608, 52
65.31773242630385, 67.14049886621315, 52
68.5685260770975, 69.83401360544218, 52
71.0530612244898, 72.91065759637188, 52
74.28063492063492, 75.54612244897959, 52
76.75356009070295, 78.57632653061225, 52
88.18938775510205, 88.22421768707483, 52
90.70875283446712, 91.47501133786848, 52
92.46185941043083, 92.49668934240363, 52
99.62521541950113, 99.66004535147393, 52
103.86285714285714, 103.89768707482993, 52
113.55718820861678, 114.32344671201814, 52
145.33369614512472, 145.3685260770975, 52
159.27727891156462, 160.07836734693876, 52
168.54204081632653, 168.58848072562358, 52
1.4164172335600906, 2.4729251700680273, 53
7.128526077097506, 8.196643990929704, 53
12.84063492063492, 13.908752834467121, 53
18.575963718820862, 19.620861678004534, 53
24.276462585034015, 25.356190476190477, 53
29.98857142857143, 31.05668934240363, 53
41.40117913832199, 41.62176870748299, 53
41.77269841269841, 41.807528344671205, 53
52.82539682539682, 53.04598639455782, 53
58.54911564625851, 59.6172335600907, 53
64.28444444444445, 65.34095238095239, 53
69.9849433106576, 71.06467120181406, 53
75.697052154195, 76.77678004535147, 53
87.12126984126984, 87.33024943310657, 53
98.54548752834467, 98.7544671201814, 53
109.9697052154195, 110.1902947845805, 53
121.4055328798186, 121.61451247165533, 53
132.82975056689344, 133.03873015873015, 53
155.68979591836734, 155.89877551020408, 53
167.11401360544218, 167.3346031746032, 53
167.82222222222222, 167.857052154195, 53
0.046439909297052155, 1.3699773242630386, 55
2.5309750566893423, 5.607619047619048, 55
5.758548752834467, 7.082086167800454, 55
8.231473922902495, 11.331337868480725, 55
11.447437641723356, 11.865396825396825, 55
11.911836734693878, 12.004716553287983, 55
13.955192743764172, 14.303492063492063, 55
17.159546485260773, 17.68199546485261, 55
17.716825396825396, 18.216054421768707, 55
19.67891156462585, 22.76716553287982, 55
22.894875283446712, 24.11392290249433, 55
25.379410430839002, 28.409614512471656, 55
57.15591836734694, 58.22403628117914, 55
59.675283446712015, 60.02358276643991, 55
62.86802721088436, 63.93614512471655, 55
65.38739229024944, 68.42920634920635, 55
68.6033560090703, 69.91528344671202, 55
71.11111111111111, 74.17614512471656, 55
74.76825396825397, 74.82630385487528, 55
74.83791383219955, 75.36036281179139, 55
79.67927437641724, 79.81859410430839, 55
0.06965986394557823, 0.7778684807256235, 57
1.4396371882086167, 2.414875283446712, 57
7.163356009070295, 8.103764172335602, 57
12.887074829931972, 13.87392290249433, 57
18.599183673469387, 19.586031746031747, 57
22.88326530612245, 23.83528344671202, 57
23.881723356009072, 23.91655328798186, 57
24.322902494331064, 25.379410430839002, 57
30.035011337868482, 31.010249433106576, 57
40.66975056689343, 40.72780045351474, 57
51.46702947845805, 52.25650793650794, 57
58.60716553287982, 59.60562358276644, 57
64.31927437641724, 65.29451247165532, 57
68.6033560090703, 69.4508843537415, 57
70.03138321995465, 71.08789115646259, 57
74.62893424036281, 74.6637641723356, 57
75.74349206349207, 76.73034013605442, 57
86.38984126984127, 86.43628117913832, 57
97.8140589569161, 97.87210884353742, 57
143.78956916099773, 143.91727891156464, 57
154.93514739229025, 155.01641723356008, 57
165.74403628117915, 166.44063492063492, 57
0.0, 1.9388662131519274, 60
5.688888888888889, 7.360725623582766, 60
12.887074829931972, 12.921904761904761, 60
13.397913832199546, 13.897142857142857, 60
13.955192743764172, 13.990022675736961, 60
19.121632653061223, 19.17968253968254, 60
19.260952380952382, 19.551201814058956, 60
30.325260770975056, 30.360090702947847, 60
30.55746031746032, 30.998639455782314, 60
33.1697052154195, 33.216145124716554, 60
59.129614512471655, 59.44308390022676, 60
59.686893424036285, 60.02358276643991, 60
64.31927437641724, 64.36571428571429, 60
64.83011337868481, 65.29451247165532, 60
65.41061224489796, 68.48725623582766, 60
71.11111111111111, 74.18775510204081, 60
76.2659410430839, 76.74195011337868, 60
78.90140589569161, 78.9362358276644, 60
84.97342403628117, 85.00825396825397, 60
94.49360544217687, 94.54004535147392, 60
147.48154195011338, 147.57442176870748, 60
153.54195011337868, 153.57678004535148, 60
0.0, 1.3235374149659864, 64
2.4961451247165534, 3.6919727891156464, 64
5.688888888888889, 6.745396825396825, 64
8.208253968253969, 9.58984126984127, 64
11.42421768707483, 11.900226757369614, 64
11.993106575963719, 12.64326530612245, 64
13.897142857142857, 13.955192743764172, 64
17.136326530612244, 18.390204081632653, 64
22.86004535147392, 23.591473922902495, 64
25.33297052154195, 25.36780045351474, 64
28.560544217687074, 29.80281179138322, 64
31.05668934240363, 31.509478458049887, 64
34.969251700680275, 35.015691609977324, 64
40.704580498866214, 41.35473922902494, 64
42.504126984126984, 43.24716553287982, 64
44.98866213151928, 45.39501133786848, 64
45.69687074829932, 46.08, 64
46.11482993197279, 46.14965986394558, 64
52.128798185941044, 52.76734693877551, 64
53.939954648526076, 54.973242630385485, 64
57.13269841269841, 58.29369614512472, 64
59.628843537414966, 61.161360544217686, 64
62.85641723356009, 63.36725623582767, 64
63.42530612244898, 63.54140589569161, 64
63.55301587301587, 64.12190476190476, 64
65.39900226757369, 66.54839002267573, 64
68.58013605442177, 69.29995464852608, 64
69.61342403628117, 69.64825396825397, 64
71.11111111111111, 72.13278911564626, 64
74.28063492063492, 74.7914739229025, 64
74.83791383219955, 75.48807256235828, 64
76.76517006802722, 77.89133786848073, 64
80.68934240362812, 80.72417233560091, 64
86.40145124716554, 86.54077097505669, 64
88.22421768707483, 88.97886621315193, 64
90.70875283446712, 91.14993197278912, 64
91.41696145124716, 91.939410430839, 64
97.83727891156462, 98.54548752834467, 64
99.64843537414966, 100.7978231292517, 64
111.08426303854876, 112.3265306122449, 64
113.60362811791383, 113.95192743764173, 64
114.30022675736961, 114.67174603174603, 64
122.50848072562358, 123.68108843537415, 64
132.13315192743764, 132.77170068027212, 64
133.94430839002268, 135.0008163265306, 64
137.53179138321997, 138.2051700680272, 64
145.3685260770975, 145.9025850340136, 64
149.25786848072562, 149.2926984126984, 64
154.9815873015873, 155.68979591836734, 64
156.79274376417234, 157.64027210884353, 64
159.26566893424035, 159.66040816326532, 64
159.98548752834466, 160.36861678004536, 64
160.40344671201814, 160.46149659863946, 64
166.41741496598638, 167.12562358276645, 64
168.56526077097504, 169.41278911564626, 64
13.595283446712019, 13.676553287981859, 65
19.121632653061223, 19.17968253968254, 65
19.30739229024943, 19.469931972789116, 65
24.276462585034015, 24.3112925170068, 65
24.99628117913832, 25.042721088435375, 65
30.55746031746032, 30.603900226757368, 65
41.412789115646255, 42.30675736961451, 65
52.83700680272109, 53.730975056689346, 65
58.54911564625851, 58.583945578231294, 65
59.28054421768707, 59.396643990929704, 65
65.01587301587301, 65.13197278911565, 65
69.9849433106576, 70.03138321995465, 65
70.70476190476191, 70.76281179138321, 65
76.42848072562359, 76.55619047619048, 65
87.12126984126984, 87.93396825396826, 65
98.54548752834467, 99.33496598639456, 65
99.61360544217688, 99.64843537414966, 65
109.98131519274376, 110.71274376417233, 65
121.41714285714286, 122.14857142857143, 65
132.82975056689344, 133.58439909297053, 65
155.68979591836734, 156.46766439909297, 65
167.11401360544218, 167.857052154195, 65
2.5309750566893423, 3.3436734693877552, 67
8.243083900226758, 9.392471655328798, 67
12.469115646258503, 12.60843537414966, 67
18.18122448979592, 18.355374149659863, 67
24.067482993197277, 24.090702947845806, 67
25.48390022675737, 26.482358276643993, 67
36.79201814058957, 37.11709750566894, 67
42.504126984126984, 43.23555555555556, 67
48.2162358276644, 48.529705215419504, 67
53.92834467120181, 54.78748299319728, 67
58.17759637188209, 58.29369614512472, 67
59.66367346938775, 60.74340136054422, 67
69.61342403628117, 69.83401360544218, 67
71.09950113378684, 72.12117913832199, 67
74.98884353741497, 75.2907029478458, 67
75.3255328798186, 75.47646258503401, 67
82.51210884353742, 82.83718820861678, 67
88.21260770975057, 88.63056689342403, 67
93.92471655328798, 94.24979591836734, 67
99.64843537414966, 100.01995464852608, 67
105.36054421768708, 105.70884353741496, 67
107.49678004535147, 107.8682993197279, 67
111.07265306122449, 111.44417233560091, 67
116.78476190476191, 117.12145124716554, 67
118.9209977324263, 119.29251700680273, 67
122.49687074829932, 122.85678004535147, 67
128.220589569161, 128.55727891156462, 67
133.93269841269841, 134.30421768707484, 67
136.77714285714285, 137.06739229024944, 67
145.35691609977323, 145.89097505668934, 67
151.0806349206349, 151.41732426303855, 67
156.79274376417234, 157.50095238095238, 67
162.49324263038548, 162.78349206349208, 67
168.56526077097504, 168.89034013605442, 67
19.319002267573698, 19.52798185941043, 69
30.731609977324265, 31.068299319727892, 69
35.68907029478458, 36.443718820861676, 69
40.68136054421769, 42.26031746031746, 69
46.05678004535147, 46.776598639455784, 69
52.11718820861678, 53.60326530612245, 69
81.39755102040816, 82.27990929705216, 69
86.38984126984127, 87.85269841269842, 69
91.76526077097506, 92.49668934240363, 69
97.82566893424037, 99.14920634920635, 69
107.84507936507937, 108.28625850340136, 69
108.57650793650794, 108.78548752834467, 69
109.98131519274376, 110.51537414965986, 69
114.32344671201814, 115.35673469387756, 69
119.2692970521542, 119.69886621315193, 69
120.00072562358277, 120.17487528344671, 69
121.41714285714286, 121.89315192743764, 69
127.11764172335602, 127.97678004535148, 69
132.10993197278913, 133.47990929705216, 69
137.47374149659865, 138.21678004535147, 69
142.84916099773244, 143.74312925170068, 69
144.2771882086168, 145.14793650793652, 69
149.97768707482993, 150.75555555555556, 69
154.96997732426303, 156.54893424036283, 69
160.34539682539682, 161.06521541950113, 69
166.40580498866214, 167.857052154195, 69
44.98866213151928, 45.41823129251701, 71
90.69714285714285, 91.08027210884353, 71
91.38213151927438, 91.41696145124716, 71
136.44045351473923, 136.5449433106576, 71
142.15256235827664, 142.61696145124716, 71
159.27727891156462, 159.76489795918368, 71
0.023219954648526078, 0.8126984126984127, 72
2.48453514739229, 3.4133333333333336, 72
8.161814058956915, 9.520181405895691, 72
11.784126984126985, 12.027936507936507, 72
12.49233560090703, 12.689705215419501, 72
14.233832199546486, 15.000090702947846, 72
17.4962358276644, 17.740045351473924, 72
18.204444444444444, 18.599183673469387, 72
18.61079365079365, 19.121632653061223, 72
25.379410430839002, 25.460680272108842, 72
25.518730158730158, 26.01795918367347, 72
28.572154195011336, 29.129433106575963, 72
29.628662131519274, 29.837641723356008, 72
30.33687074829932, 30.627120181405896, 72
31.045079365079363, 32.15963718820862, 72
33.19292517006803, 33.7966439909297, 72
34.969251700680275, 36.432108843537414, 72
39.2649433106576, 39.64807256235828, 72
39.81061224489796, 40.19374149659864, 72
40.68136054421769, 41.412789115646255, 72
41.45922902494331, 41.586938775510205, 72
41.77269841269841, 43.30521541950113, 72
45.70848072562358, 46.78820861678005, 72
47.13650793650794, 47.84471655328798, 72
48.16979591836735, 48.76190476190476, 72
48.92444444444445, 49.42367346938776, 72
50.329251700680274, 51.095510204081634, 72
51.24643990929705, 51.62956916099773, 72
52.906666666666666, 52.964716553287985, 72
53.173696145124715, 53.8702947845805, 72
53.90512471655329, 54.9384126984127, 72
57.492607709750565, 57.73641723356009, 72
58.200816326530614, 58.409795918367344, 72
63.21632653061224, 63.41369614512472, 72
63.86648526077097, 64.47020408163266, 72
65.31773242630385, 65.37578231292517, 72
65.41061224489796, 65.81696145124717, 72
70.33324263038548, 70.9253514739229, 72
71.09950113378684, 71.56390022675737, 72
74.29224489795918, 74.8843537414966, 72
75.34875283446712, 75.54612244897959, 72
76.75356009070295, 77.8681179138322, 72
78.90140589569161, 79.37741496598639, 72
80.68934240362812, 83.37124716553288, 72
84.97342403628117, 85.36816326530612, 72
85.53070294784581, 85.79773242630385, 72
87.1677097505669, 88.13133786848073, 72
88.18938775510205, 88.94403628117914, 72
91.41696145124716, 92.49668934240363, 72
92.85659863945578, 93.56480725623582, 72
93.90149659863945, 94.45877551020408, 72
94.62131519274377, 95.12054421768707, 72
96.04934240362812, 96.79238095238095, 72
96.95492063492064, 97.19873015873016, 72
101.76145124716554, 102.24907029478459, 72
102.86439909297052, 103.93251700680273, 72
104.28081632653061, 105.00063492063492, 72
105.33732426303855, 106.21968253968254, 72
108.19337868480726, 109.64462585034013, 72
110.70113378684808, 112.24526077097505, 72
113.18566893424037, 113.6152380952381, 72
114.28861678004534, 115.35673469387756, 72
115.70503401360544, 116.42485260770975, 72
116.76154195011338, 117.62068027210884, 72
119.61759637188209, 121.06884353741496, 72
122.1253514739229, 123.6346485260771, 72
124.62149659863945, 125.1091156462585, 72
126.40943310657596, 128.0928798185941, 72
128.1857596371882, 129.07972789115647, 72
130.69351473922902, 131.0766439909297, 72
131.2391836734694, 131.50621315192743, 72
133.20126984126983, 134.96598639455783, 72
137.137052154195, 138.21678004535147, 72
139.63319727891155, 140.3065759637188, 72
141.76943310657597, 142.15256235827664, 72
142.84916099773244, 143.74312925170068, 72
144.2771882086168, 145.22920634920635, 72
145.345306122449, 145.89097505668934, 72
146.05351473922903, 146.62240362811792, 72
147.48154195011338, 147.95755102040818, 72
148.17814058956915, 148.2245804988662, 72
149.25786848072562, 150.84843537414966, 72
151.04580498866213, 151.89333333333335, 72
153.55356009070294, 153.93668934240364, 72
154.0992290249433, 154.49396825396826, 72
154.9815873015873, 155.7014058956916, 72
156.06131519274376, 157.66349206349207, 72
159.99709750566893, 161.0768253968254, 72
161.42512471655328, 162.13333333333333, 72
162.4816326530612, 163.0273015873016, 72
163.20145124716552, 163.79356009070295, 72
164.61786848072563, 165.36090702947845, 72
165.5350566893424, 165.91818594104308, 72
166.40580498866214, 167.12562358276645, 72
167.84544217687076, 169.42439909297053, 72
11.749297052154194, 11.784126984126985, 73
23.18512471655329, 23.219954648526077, 73
11.95827664399093, 12.1556462585034, 74
12.678095238095239, 12.887074829931972, 74
13.374693877551021, 13.676553287981859, 74
13.920362811791383, 14.233832199546486, 74
17.68199546485261, 17.867755102040817, 74
19.098412698412698, 19.4118820861678, 74
24.102312925170068, 24.740861678004535, 74
29.106213151927438, 29.30358276643991, 74
29.814421768707483, 30.023401360544216, 74
30.522630385487528, 30.83609977324263, 74
39.62485260770975, 39.8918820861678, 74
48.738684807256234, 49.14503401360544, 74
51.06068027210885, 51.33931972789116, 74
57.67836734693878, 57.875736961451246, 74
58.38657596371882, 58.595555555555556, 74
59.09478458049887, 59.466303854875285, 74
59.64045351473923, 59.91909297052154, 74
63.39047619047619, 63.58784580498866, 74
64.80689342403628, 65.09714285714286, 74
69.82240362811791, 70.40290249433106, 74
74.82630385487528, 75.02367346938776, 74
75.53451247165533, 75.74349206349207, 74
76.2311111111111, 76.49814058956916, 74
85.3449433106576, 85.54231292517007, 74
94.44716553287982, 94.77224489795918, 74
96.76916099773243, 97.01297052154194, 74
108.56489795918367, 109.20344671201813, 74
109.98131519274376, 110.70113378684808, 74
120.00072562358277, 120.66249433106576, 74
121.41714285714286, 122.13696145124716, 74
131.06503401360544, 131.2624036281179, 74
142.48925170068028, 142.88399092970522, 74
143.7315192743764, 144.09142857142857, 74
145.87936507936507, 146.19283446712018, 74
153.9134693877551, 154.12244897959184, 74
163.0273015873016, 163.35238095238094, 74
165.33768707482994, 165.6627664399093, 74
0.0, 0.034829931972789115, 76
0.06965986394557823, 0.4295691609977324, 76
2.4961451247165534, 3.1811337868480725, 76
5.712108843537415, 5.746938775510204, 76
8.208253968253969, 8.649433106575964, 76
11.435827664399094, 11.911836734693878, 76
12.132426303854876, 12.561995464852608, 76
12.863854875283447, 13.223764172335601, 76
13.572063492063492, 13.920362811791383, 76
14.32671201814059, 14.547301587301588, 76
17.147936507936507, 17.68199546485261, 76
17.856145124716555, 18.274104308390022, 76
18.575963718820862, 18.935873015873018, 76
19.284172335600907, 19.655691609977325, 76
22.88326530612245, 23.579863945578232, 76
23.904943310657597, 24.160362811791384, 76
25.391020408163264, 25.44907029478458, 76
25.48390022675737, 25.994739229024944, 76
28.572154195011336, 29.1178231292517, 76
29.280362811791385, 29.744761904761905, 76
30.00018140589569, 30.360090702947847, 76
30.708390022675736, 31.091519274376417, 76
33.55283446712018, 33.94757369614513, 76
34.93442176870748, 35.70068027210884, 76
36.768798185941044, 37.55827664399093, 76
40.704580498866214, 41.412789115646255, 76
42.55056689342403, 43.340045351473925, 76
44.98866213151928, 45.406621315192744, 76
45.69687074829932, 46.78820861678005, 76
48.204625850340136, 48.7502947845805, 76
52.128798185941044, 52.848616780045354, 76
57.14430839002267, 57.35328798185941, 76
57.85251700680272, 58.27047619047619, 76
58.57233560090703, 58.93224489795919, 76
59.28054421768707, 59.65206349206349, 76
62.86802721088436, 63.402086167800455, 76
63.564625850340136, 64.01741496598639, 76
64.28444444444445, 64.6443537414966, 76
65.00426303854876, 65.43383219954649, 76
68.59174603174603, 69.28834467120181, 76
69.62503401360544, 69.88045351473923, 76
71.12272108843537, 71.51746031746032, 76
74.30385487528345, 74.7914739229025, 76
75.00045351473923, 75.44163265306122, 76
75.72027210884353, 76.08018140589569, 76
76.42848072562359, 76.84643990929705, 76
79.27292517006802, 79.7837641723356, 76
80.70095238095239, 81.39755102040816, 76
82.4888888888889, 83.25514739229025, 76
86.42467120181406, 87.10965986394558, 76
88.25904761904762, 89.0485260770975, 76
90.69714285714285, 91.16154195011337, 76
91.41696145124716, 92.5082993197279, 76
93.91310657596372, 94.47038548752835, 76
97.83727891156462, 98.55709750566893, 76
99.6948752834467, 100.82104308390022, 76
102.13297052154195, 102.59736961451247, 76
102.84117913832199, 103.93251700680273, 76
105.34893424036281, 106.50993197278912, 76
109.59818594104308, 109.99292517006803, 76
111.11909297052154, 111.18875283446712, 76
113.55718820861678, 113.96353741496598, 76
114.26539682539682, 115.35673469387756, 76
116.77315192743764, 117.72517006802721, 76
124.98140589569161, 125.41097505668934, 76
126.40943310657596, 127.12925170068027, 76
128.20897959183674, 128.8126984126984, 76
132.13315192743764, 132.82975056689344, 76
133.97913832199546, 134.0255782312925, 76
136.4172335600907, 137.00934240362812, 76
137.12544217687073, 138.21678004535147, 76
139.63319727891155, 141.1889342403628, 76
142.12934240362813, 142.54730158730158, 76
143.92888888888888, 144.2075283446712, 76
144.28879818594103, 145.0202267573696, 76
145.4033560090703, 145.42657596371882, 76
147.84145124716554, 148.39873015873016, 76
149.24625850340135, 149.97768707482993, 76
151.0574149659864, 152.04426303854876, 76
154.99319727891157, 155.6781859410431, 76
159.26566893424035, 159.71845804988664, 76
159.98548752834466, 161.0768253968254, 76
162.49324263038548, 163.03891156462586, 76
166.41741496598638, 167.12562358276645, 76
30.476190476190474, 30.522630385487528, 77
41.45922902494331, 42.42285714285714, 77
47.13650793650794, 47.85632653061224, 77
52.88344671201814, 53.057596371882084, 77
70.65832199546485, 71.02984126984127, 77
87.1677097505669, 87.48117913832199, 77
87.49278911564626, 88.13133786848073, 77
92.85659863945578, 93.5764172335601, 77
104.28081632653061, 105.01224489795918, 77
115.70503401360544, 116.43646258503401, 77
122.16018140589568, 122.40399092970522, 77
138.56507936507936, 139.51709750566894, 77
144.10303854875283, 144.60226757369614, 77
155.74784580498866, 156.71147392290248, 77
161.42512471655328, 162.1449433106576, 77
167.1720634920635, 168.2634013605442, 77
19.6324716553288, 20.58448979591837, 79
31.393378684807256, 31.428208616780044, 79
33.91274376417233, 34.28426303854875, 79
36.060589569160996, 36.64108843537415, 79
45.348571428571425, 45.731700680272105, 79
47.84471655328798, 48.2162358276644, 79
59.965532879818596, 60.00036281179138, 79
65.35256235827664, 67.10566893424036, 79
79.63283446712018, 80.01596371882086, 79
81.78068027210884, 82.26829931972789, 79
91.057052154195, 91.44018140589569, 79
93.56480725623582, 93.95954648526077, 79
102.4928798185941, 102.85278911564626, 79
104.98902494331065, 105.36054421768708, 79
113.91709750566893, 114.28861678004534, 79
116.42485260770975, 116.78476190476191, 79
125.34131519274376, 125.73605442176871, 79
127.5007709750567, 127.97678004535148, 79
136.75392290249434, 137.18349206349205, 79
139.63319727891155, 140.21369614512471, 79
140.35301587301586, 140.93351473922903, 79
148.2013605442177, 148.58448979591836, 79
150.34920634920636, 150.77877551020407, 79
159.63718820861678, 160.3570068027211, 79
162.13333333333333, 162.5280725623583, 79
18.587573696145125, 18.935873015873018, 81
22.84843537414966, 23.579863945578232, 81
23.61469387755102, 23.754013605442175, 81
24.99628117913832, 25.36780045351474, 81
34.9924716553288, 35.561360544217685, 81
40.751020408163264, 40.80907029478458, 81
46.068390022675736, 46.69532879818594, 81
47.13650793650794, 47.589297052154194, 81
52.16362811791383, 52.2681179138322, 81
64.31927437641724, 64.65596371882086, 81
68.5685260770975, 69.28834467120181, 81
70.71637188208616, 71.02984126984127, 81
80.71256235827664, 81.37433106575963, 81
91.77687074829932, 92.35736961451248, 81
92.85659863945578, 93.2281179138322, 81
97.89532879818594, 98.02303854875284, 81
102.85278911564626, 102.95727891156463, 81
104.28081632653061, 104.47818594104308, 81
114.27700680272109, 114.38149659863946, 81
115.70503401360544, 115.90240362811791, 81
119.30412698412698, 119.33895691609978, 81
126.42104308390023, 127.07120181405895, 81
132.1795918367347, 132.237641723356, 81
137.49696145124716, 138.15873015873015, 81
138.5882993197279, 138.93659863945578, 81
149.28108843537416, 149.88480725623583, 81
160.3570068027211, 160.99555555555557, 81
161.42512471655328, 161.87791383219954, 81
45.04671201814059, 45.406621315192744, 83
46.78820861678005, 47.1481179138322, 83
90.75519274376417, 91.08027210884353, 83
92.49668934240363, 92.86820861678005, 83
103.92090702947846, 104.29242630385488, 83
115.35673469387756, 115.71664399092971, 83
142.1641723356009, 142.48925170068028, 83
161.06521541950113, 161.42512471655328, 83
2.5193650793650795, 4.5859410430839, 84
8.231473922902495, 10.135510204081633, 84
12.503945578231292, 12.550385487528345, 84
14.257052154195012, 14.396371882086168, 84
17.507845804988662, 17.542675736961453, 84
18.216054421768707, 18.26249433106576, 84
18.390204081632653, 18.436643990929706, 84
28.93206349206349, 28.966893424036282, 84
29.640272108843536, 29.68671201814059, 84
31.463038548752834, 31.741678004535146, 84
50.70077097505669, 50.74721088435374, 84
57.50421768707483, 57.53904761904762, 84
58.212426303854876, 58.24725623582766, 84
59.965532879818596, 60.174512471655326, 84
63.93614512471655, 63.97097505668934, 84
64.1102947845805, 64.16834467120181, 84
71.25043083900226, 71.28526077097506, 84
74.61732426303855, 74.68698412698413, 84
75.36036281179139, 75.40680272108844, 84
76.8, 76.85804988662132, 84
96.37442176870748, 96.45569160997732, 84
131.47138321995465, 131.50621315192743, 84
138.2051700680272, 138.56507936507936, 84
139.63319727891155, 140.3065759637188, 84
165.0009977324263, 165.03582766439908, 84
165.29124716553287, 165.33768707482994, 84
168.54204081632653, 169.42439909297053, 84
23.2431746031746, 23.336054421768708, 85
138.57668934240363, 138.85532879818595, 86
139.28489795918367, 139.6215873015873, 86
2.507755102040816, 2.5425850340136056, 88
13.583673469387755, 13.908752834467121, 88
19.30739229024943, 19.342222222222222, 88
23.208344671201814, 23.34766439909297, 88
30.731609977324265, 30.998639455782314, 88
69.24190476190476, 69.27673469387756, 88
71.25043083900226, 71.27365079365079, 88
76.44009070294784, 76.69551020408163, 88
139.12235827664398, 139.38938775510204, 88
139.11074829931974, 139.29650793650794, 89
144.1146485260771, 144.18430839002266, 89
14.245442176870748, 14.280272108843537, 91
23.26639455782313, 23.324444444444445, 91
25.530340136054424, 27.074467120181406, 91
34.22621315192744, 34.29587301587301, 91
45.66204081632653, 45.69687074829932, 91
59.965532879818596, 60.00036281179138, 91
69.2302947845805, 69.27673469387756, 91
71.25043083900226, 72.12117913832199, 91
79.95791383219955, 80.01596371882086, 91
91.37052154195011, 91.41696145124716, 91
125.68961451247165, 125.73605442176871, 91
23.208344671201814, 23.336054421768708, 93
126.36299319727891, 126.3978231292517, 93
46.79981859410431, 47.02040816326531, 95
92.5082993197279, 92.70566893424036, 95
103.94412698412698, 103.97895691609978, 95
115.36834467120181, 115.51927437641723, 95
161.08843537414967, 161.2393650793651, 95
