40.12408163265306, 40.94839002267574, 30
31.532698412698412, 31.579138321995465, 32
31.613968253968252, 31.648798185941043, 32
33.436734693877554, 33.483174603174604, 32
34.261043083900226, 35.456870748299316, 32
41.88879818594104, 42.86403628117914, 32
30.464580498866212, 31.48625850340136, 33
32.36861678004535, 33.3902947845805, 33
31.393378684807256, 31.43981859410431, 37
31.579138321995465, 31.753287981859412, 37
33.30902494331066, 33.34385487528345, 37
33.483174603174604, 33.66893424036281, 37
38.243265306122446, 38.67283446712018, 42
38.70766439909297, 39.03274376417234, 42
32.24090702947846, 32.287346938775514, 44
33.436734693877554, 33.483174603174604, 44
34.13333333333333, 34.19138321995465, 44
34.28426303854875, 35.456870748299316, 44
35.514920634920635, 35.65424036281179, 44
36.02575963718821, 36.08380952380952, 44
36.14185941043084, 36.211519274376414, 44
36.977777777777774, 37.03582766439909, 44
41.78430839002267, 41.81913832199547, 44
41.86557823129252, 42.82920634920635, 44
30.429750566893425, 31.48625850340136, 45
32.24090702947846, 33.40190476190476, 45
40.100861678004534, 40.12408163265306, 45
41.749478458049886, 41.795918367346935, 45
35.851609977324266, 36.02575963718821, 47
36.826848072562356, 36.977777777777774, 47
38.12716553287982, 38.347755102040814, 49
38.568344671201814, 38.66122448979592, 49
38.92825396825397, 39.05596371882086, 49
40.04281179138322, 40.170521541950116, 49
40.18213151927438, 40.27501133786848, 49
40.58848072562358, 40.69297052154195, 49
40.925170068027214, 40.96, 49
42.3415873015873, 42.36480725623583, 51
42.55056689342403, 42.666666666666664, 51
30.789659863945577, 30.95219954648526, 52
31.05668934240363, 31.288888888888888, 52
31.393378684807256, 31.428208616780044, 52
31.463038548752834, 31.579138321995465, 52
32.670476190476194, 32.86784580498866, 52
32.90267573696145, 32.96072562358277, 52
32.995555555555555, 33.01877551020408, 52
33.29741496598639, 33.332244897959185, 52
33.36707482993197, 33.55283446712018, 52
39.52036281179139, 39.59002267573696, 52
39.64807256235828, 39.69451247165533, 52
41.412789115646255, 41.43600907029479, 52
22.86004535147392, 22.929705215419503, 54
40.04281179138322, 40.19374149659864, 54
53.336235827664396, 53.45233560090703, 54
31.463038548752834, 32.25251700680272, 56
33.36707482993197, 34.16816326530612, 56
34.43519274376417, 34.57451247165533, 56
34.88798185941043, 34.92281179138322, 56
35.236281179138324, 36.14185941043084, 56
36.18829931972789, 37.093877551020405, 56
37.17514739229025, 37.77886621315193, 56
41.703038548752836, 41.73786848072562, 56
42.42285714285714, 42.457687074829934, 56
31.265668934240363, 31.30049886621315, 57
33.30902494331066, 33.34385487528345, 57
22.871655328798187, 22.906485260770975, 59
35.236281179138324, 36.04897959183673, 59
36.18829931972789, 37.03582766439909, 59
37.11709750566894, 37.802086167800454, 59
50.491791383219955, 50.63111111111111, 59
51.44380952380953, 51.57151927437642, 59
53.347845804988665, 53.4291156462585, 59
3.842902494331066, 3.900952380952381, 61
32.565986394557825, 32.58920634920635, 61
32.658866213151924, 33.80825396825397, 61
42.82920634920635, 43.79283446712018, 61
37.14031746031746, 37.77886621315193, 62
35.236281179138324, 35.561360544217685, 63
36.18829931972789, 36.51337868480726, 63
36.548208616780045, 36.664308390022676, 63
42.190657596371885, 42.22548752834467, 63
11.400997732426303, 11.668027210884354, 64
12.353015873015874, 12.620045351473923, 64
13.305034013605443, 13.583673469387755, 64
14.257052154195012, 14.547301587301588, 64
26.644897959183673, 26.923537414965985, 64
27.596916099773242, 27.88716553287982, 64
28.54893424036281, 28.83918367346939, 64
29.512562358276643, 29.814421768707483, 64
30.83609977324263, 30.963809523809523, 64
31.091519274376417, 31.30049886621315, 64
32.670476190476194, 34.17977324263038, 64
36.18829931972789, 36.211519274376414, 64
39.0443537414966, 39.84544217687075, 64
40.94839002267574, 41.749478458049886, 64
43.78122448979592, 44.6055328798186, 64
50.74721088435374, 50.78204081632653, 64
57.12108843537415, 57.46938775510204, 64
57.58548752834467, 57.63192743764172, 64
58.07310657596372, 58.39818594104308, 64
58.53750566893424, 58.583945578231294, 64
59.025124716553286, 59.350204081632654, 64
59.48952380952381, 59.53596371882086, 64
59.97714285714286, 60.30222222222222, 64
0.17414965986394557, 0.23219954648526078, 66
1.1261678004535147, 1.2190476190476192, 66
2.078185941043084, 2.1710657596371883, 66
7.604535147392291, 7.859954648526077, 66
7.9412244897959186, 8.068934240362811, 66
8.55655328798186, 8.742312925170069, 66
8.777142857142858, 8.858412698412698, 66
8.893242630385487, 8.916462585034013, 66
9.508571428571429, 9.694331065759638, 66
10.460589569160998, 10.646349206349207, 66
10.65795918367347, 10.716009070294785, 66
15.406439909297053, 15.452879818594104, 66
16.35845804988662, 16.39328798185941, 66
17.31047619047619, 17.356916099773244, 66
18.274104308390022, 18.355374149659863, 66
22.86004535147392, 23.08063492063492, 66
23.219954648526077, 23.278004535147392, 66
23.800453514739228, 24.03265306122449, 66
24.752471655328797, 25.042721088435375, 66
25.077551020408162, 25.158820861678006, 66
25.704489795918366, 25.994739229024944, 66
26.02956916099773, 26.076009070294784, 66
35.236281179138324, 35.72390022675737, 66
36.18829931972789, 36.67591836734694, 66
37.1287074829932, 37.767256235827666, 66
38.254875283446715, 38.417414965986396, 66
38.89342403628118, 39.0443537414966, 66
40.80907029478458, 40.94839002267574, 66
42.736326530612246, 42.80598639455782, 66
43.47936507936508, 43.51419501133787, 66
44.74485260770975, 45.55755102040816, 66
45.88263038548753, 45.96390022675737, 66
46.834648526077096, 46.90430839002268, 66
47.79827664399093, 47.85632653061224, 66
48.7502947845805, 48.81995464852608, 66
53.324625850340134, 53.54521541950113, 66
54.276643990929706, 54.52045351473923, 66
54.60172335600907, 54.659773242630386, 66
55.22866213151927, 55.414421768707484, 66
55.55374149659864, 55.576961451247165, 66
56.180680272108845, 56.36643990929705, 66
56.505759637188206, 56.55219954648526, 66
6.675736961451247, 6.965986394557823, 67
21.908027210884352, 22.140226757369614, 67
52.38421768707483, 52.68607709750567, 67
1.8808163265306121, 1.9156462585034013, 68
11.586757369614512, 11.830566893424036, 68
11.888616780045352, 12.445895691609977, 68
12.527165532879819, 12.770975056689343, 68
12.84063492063492, 13.119274376417234, 68
13.154104308390023, 13.397913832199546, 68
13.479183673469388, 13.711383219954648, 68
13.79265306122449, 14.361541950113379, 68
14.431201814058957, 14.663401360544217, 68
14.756281179138321, 15.301950113378684, 68
26.81904761904762, 27.062857142857144, 68
27.132517006802722, 27.411156462585033, 68
27.457596371882087, 27.713015873015873, 68
27.77106575963719, 27.991655328798185, 68
28.08453514739229, 28.374784580498865, 68
28.409614512471656, 28.65342403628118, 68
28.711473922902496, 28.93206349206349, 68
29.03655328798186, 29.60544217687075, 68
29.68671201814059, 29.895691609977323, 68
29.98857142857143, 30.25560090702948, 68
30.313650793650794, 30.476190476190474, 68
31.41659863945578, 31.753287981859412, 68
33.32063492063492, 33.65732426303855, 68
34.481632653061226, 34.56290249433106, 68
35.41043083900227, 35.43365079365079, 68
39.0443537414966, 39.787392290249436, 68
40.94839002267574, 41.73786848072562, 68
57.2952380952381, 57.52743764172335, 68
57.608707482993196, 57.88734693877551, 68
57.933786848072565, 58.17759637188209, 68
58.24725623582766, 58.46784580498866, 68
58.56072562358277, 58.83936507936508, 68
58.88580498866213, 59.129614512471655, 68
59.199274376417236, 59.45469387755102, 68
59.512743764172335, 60.116462585034014, 68
60.1512925170068, 60.395102040816326, 68
60.46476190476191, 61.486439909297054, 68
0.0, 0.301859410430839, 69
0.9404081632653061, 1.242267573696145, 69
1.8924263038548752, 2.1942857142857144, 69
2.8444444444444446, 3.1695238095238096, 69
7.767074829931973, 11.482267573696145, 69
15.232290249433106, 15.545759637188208, 69
16.184308390022675, 16.486167800453515, 69
17.136326530612244, 17.438185941043084, 69
18.088344671201813, 18.401814058956916, 69
22.99936507936508, 26.73777777777778, 69
33.30902494331066, 33.34385487528345, 69
45.70848072562358, 45.99873015873016, 69
46.64888888888889, 46.939138321995465, 69
47.600907029478456, 47.89115646258504, 69
48.55292517006803, 48.8431746031746, 69
53.47555555555556, 54.39274376417234, 69
54.427573696145124, 57.19074829931973, 69
3.9706122448979593, 4.539501133786848, 71
4.5859410430839, 4.771700680272109, 71
4.911020408163266, 5.735328798185941, 71
5.874648526077097, 6.6873469387755105, 71
6.826666666666667, 7.383945578231293, 71
7.430385487528345, 7.63936507936508, 71
11.737687074829932, 12.271746031746032, 71
12.689705215419501, 13.246984126984128, 71
13.64172335600907, 14.152562358276644, 71
14.59374149659864, 15.09297052154195, 71
19.202902494331067, 20.01560090702948, 71
20.154920634920636, 20.96761904761905, 71
21.106938775510205, 21.36235827664399, 71
21.408798185941045, 21.954467120181405, 71
22.058956916099774, 22.267936507936508, 71
22.372426303854876, 22.88326530612245, 71
26.969977324263038, 27.46920634920635, 71
27.93360544217687, 28.421224489795918, 71
28.88562358276644, 29.373242630385487, 71
29.837641723356008, 30.325260770975056, 71
39.0443537414966, 39.381043083900224, 71
39.450702947845805, 39.69451247165533, 71
40.94839002267574, 41.59854875283447, 71
49.679092970521545, 49.87646258503401, 71
49.98095238095238, 50.828480725623585, 71
50.93297052154195, 51.44380952380953, 71
51.57151927437642, 52.15201814058957, 71
52.186848072562356, 52.39582766439909, 71
53.16208616780045, 53.35945578231293, 71
57.45777777777778, 57.94539682539683, 71
58.409795918367344, 58.93224489795919, 71
59.36181405895692, 59.94231292517007, 71
60.31383219954648, 60.836281179138325, 71
41.912018140589566, 41.94684807256236, 72
42.22548752834467, 42.44607709750567, 72
42.5621768707483, 42.689886621315196, 72
0.16253968253968254, 0.3599092970521542, 73
0.46439909297052157, 0.6965986394557823, 73
0.7894784580498866, 1.0332879818594105, 73
1.0797278911564625, 1.3235374149659864, 73
1.4280272108843537, 1.6486167800453515, 73
1.7414965986394557, 1.9853061224489796, 73
2.0317460317460316, 2.2755555555555556, 73
2.36843537414966, 2.6006349206349206, 73
2.693514739229025, 2.9373242630385485, 73
3.006984126984127, 3.2275736961451247, 73
3.332063492063492, 3.541043083900227, 73
3.657142857142857, 3.842902494331066, 73
7.929614512471655, 8.161814058956915, 73
8.243083900226758, 8.486893424036282, 73
8.881632653061224, 9.113832199546485, 73
9.206712018140589, 9.427301587301587, 73
9.845260770975056, 10.054240362811791, 73
10.158730158730158, 10.402539682539683, 73
10.797278911564625, 10.994648526077098, 73
11.110748299319727, 11.34294784580499, 73
15.394829931972788, 15.603809523809524, 73
15.70829931972789, 15.940498866213153, 73
16.033378684807257, 16.265578231292515, 73
16.335238095238097, 16.567437641723355, 73
16.66031746031746, 16.91573696145125, 73
16.985396825396826, 17.217596371882085, 73
17.29886621315193, 17.507845804988662, 73
17.600725623582765, 17.867755102040817, 73
17.937414965986395, 18.169614512471654, 73
18.239274376417235, 18.45986394557823, 73
18.5643537414966, 18.796553287981858, 73
18.889433106575964, 19.075192743764173, 73
23.173514739229024, 23.394104308390023, 73
23.486984126984126, 23.73079365079365, 73
24.125532879818593, 24.346122448979592, 73
24.439002267573695, 24.624761904761904, 73
25.077551020408162, 25.29814058956916, 73
25.391020408163264, 25.623219954648526, 73
26.02956916099773, 26.25015873015873, 73
26.343038548752833, 26.563628117913833, 73
31.79972789115646, 31.834557823129252, 73
31.90421768707483, 32.066757369614514, 73
33.85469387755102, 33.97079365079365, 73
43.36326530612245, 43.51419501133787, 73
45.87102040816327, 46.04517006802721, 73
46.18448979591837, 46.439909297052154, 73
46.49795918367347, 46.99718820861678, 73
47.13650793650794, 47.38031746031746, 73
47.44997732426304, 47.94920634920635, 73
48.088526077097505, 48.309115646258505, 73
48.40199546485261, 48.6574149659864, 73
48.692244897959185, 48.93605442176871, 73
49.04054421768708, 49.27274376417233, 73
49.35401360544218, 49.562993197278914, 73
53.6497052154195, 53.90512471655329, 73
53.9631746031746, 54.14893424036281, 73
54.60172335600907, 54.857142857142854, 73
54.91519274376417, 55.13578231292517, 73
55.55374149659864, 55.7859410430839, 73
55.86721088435374, 56.05297052154195, 73
56.505759637188206, 56.726349206349205, 73
56.81922902494331, 57.063038548752836, 73
4.133151927437642, 4.342131519274377, 75
4.435011337868481, 4.667210884353741, 75
5.085170068027211, 5.294149659863946, 75
5.38702947845805, 5.61922902494331, 75
6.03718820861678, 6.257777777777778, 75
6.339047619047619, 6.5712471655328795, 75
6.989206349206349, 7.22140589569161, 75
7.302675736961452, 7.523265306122449, 75
11.42421768707483, 11.644807256235827, 75
12.376235827664399, 12.57360544217687, 75
13.328253968253968, 13.525623582766439, 75
14.280272108843537, 14.500861678004535, 75
19.365442176870747, 19.59764172335601, 75
19.67891156462585, 19.89950113378685, 75
20.317460317460316, 20.58448979591837, 75
20.63092970521542, 20.839909297052156, 75
21.269478458049885, 21.524897959183672, 75
21.582947845804988, 21.803537414965987, 75
22.221496598639455, 22.488526077097507, 75
22.534965986394557, 22.755555555555556, 75
26.656507936507936, 26.888707482993198, 75
27.620136054421767, 27.85233560090703, 75
28.572154195011336, 28.804353741496598, 75
29.512562358276643, 29.779591836734692, 75
35.22467120181406, 35.27111111111111, 75
36.234739229024946, 36.39727891156463, 75
41.900408163265304, 42.43446712018141, 75
42.515736961451246, 42.64344671201814, 75
42.72471655328798, 42.81759637188209, 75
42.898866213151926, 43.02657596371882, 75
43.80444444444444, 44.1643537414966, 75
44.756462585034015, 45.17442176870748, 75
49.841632653061225, 50.08544217687075, 75
50.14349206349206, 50.36408163265306, 75
50.79365079365079, 51.037460317460315, 75
51.1071201814059, 51.36253968253968, 75
51.74566893424036, 51.977868480725625, 75
52.05913832199546, 52.37260770975057, 75
52.69768707482993, 52.91827664399093, 75
53.011156462585035, 53.231746031746034, 75
53.30140589569161, 53.347845804988665, 75
57.13269841269841, 57.46938775510204, 75
58.096326530612245, 58.32852607709751, 75
59.04834467120181, 59.26893424036281, 75
60.00036281179138, 60.22095238095238, 75
0.301859410430839, 0.8591383219954648, 76
0.9171882086167801, 0.9520181405895691, 76
1.253877551020408, 1.9156462585034013, 76
2.1710657596371883, 2.8676643990929707, 76
3.1579138321995464, 4.133151927437642, 76
4.748480725623582, 5.085170068027211, 76
5.7004988662131515, 6.03718820861678, 76
6.6525170068027215, 6.989206349206349, 76
7.616145124716553, 7.9412244897959186, 76
8.55655328798186, 8.823582766439909, 76
9.508571428571429, 9.833650793650794, 76
10.460589569160998, 10.785668934240363, 76
11.459047619047618, 11.900226757369614, 76
12.202086167800454, 12.863854875283447, 76
13.154104308390023, 13.815873015873017, 76
14.117732426303855, 14.767891156462586, 76
15.069750566893424, 15.394829931972788, 76
16.46294784580499, 17.066666666666666, 76
17.41496598639456, 17.740045351473924, 76
17.77487528344671, 18.007074829931973, 76
18.390204081632653, 19.37705215419501, 76
19.99238095238095, 20.329070294784582, 76
20.94439909297052, 21.257868480725623, 76
21.89641723356009, 22.221496598639455, 76
22.84843537414966, 23.173514739229024, 76
23.800453514739228, 24.125532879818593, 76
24.752471655328797, 25.077551020408162, 76
25.704489795918366, 26.01795918367347, 76
26.70294784580499, 27.144126984126984, 76
27.445986394557824, 28.107755102040816, 76
28.398004535147393, 29.059773242630385, 76
30.278820861678003, 30.511020408163265, 76
32.670476190476194, 32.71691609977324, 76
33.90113378684807, 33.99401360544218, 76
34.28426303854875, 34.528072562358275, 76
35.236281179138324, 35.561360544217685, 76
36.18829931972789, 36.4669387755102, 76
37.14031746031746, 37.372517006802724, 76
38.09233560090703, 38.347755102040814, 76
39.05596371882086, 39.20689342403628, 76
39.3578231292517, 39.84544217687075, 76
39.996371882086166, 40.170521541950116, 76
40.97160997732426, 41.12253968253968, 76
41.26185941043084, 41.28507936507936, 76
41.29668934240363, 41.749478458049886, 76
42.06294784580499, 42.38802721088435, 76
42.666666666666664, 43.490975056689344, 76
43.61868480725624, 44.44299319727891, 76
44.45460317460317, 44.51265306122449, 76
44.919002267573696, 45.255691609977326, 76
45.5459410430839, 45.87102040816327, 76
45.99873015873016, 46.602448979591834, 76
46.63727891156463, 46.672108843537416, 76
46.97396825396825, 47.62412698412698, 76
47.89115646258504, 48.471655328798185, 76
48.8431746031746, 49.42367346938776, 76
49.49333333333333, 49.841632653061225, 76
50.46857142857143, 50.79365079365079, 76
51.420589569160995, 51.74566893424036, 76
52.37260770975057, 52.70929705215419, 76
52.98793650793651, 53.0227664399093, 76
53.324625850340134, 53.78902494331066, 76
54.276643990929706, 54.6249433106576, 76
55.22866213151927, 55.58857142857143, 76
56.180680272108845, 56.57541950113379, 76
56.62185941043084, 56.66829931972789, 76
57.17913832199547, 57.643537414965984, 76
57.9221768707483, 58.583945578231294, 76
58.87419501133787, 59.53596371882086, 76
59.8378231292517, 60.48798185941043, 76
0.0, 0.2089795918367347, 78
0.9520181405895691, 1.18421768707483, 78
1.9040362811791383, 2.2175056689342405, 78
2.8560544217687074, 3.1695238095238096, 78
7.790294784580499, 8.092154195011338, 78
8.40562358276644, 8.579773242630386, 78
8.742312925170069, 9.044172335600907, 78
9.357641723356009, 9.531791383219955, 78
9.682721088435374, 9.984580498866213, 78
10.309659863945578, 10.483809523809525, 78
10.634739229024943, 10.89015873015873, 78
11.261678004535147, 11.586757369614512, 78
11.737687074829932, 11.946666666666667, 78
12.051156462585034, 12.34140589569161, 78
12.376235827664399, 12.515555555555556, 78
12.689705215419501, 12.898684807256236, 78
13.003174603174603, 13.281814058956916, 78
13.64172335600907, 13.827482993197279, 78
13.955192743764172, 14.140952380952381, 78
14.59374149659864, 14.802721088435375, 78
14.907210884353741, 15.17424036281179, 78
15.232290249433106, 15.545759637188208, 78
16.184308390022675, 16.50938775510204, 78
17.136326530612244, 17.46140589569161, 78
18.088344671201813, 18.308934240362813, 78
18.37859410430839, 18.413424036281178, 78
23.022585034013606, 23.254784580498868, 78
23.637913832199548, 23.823673469387757, 78
23.962993197278912, 24.241632653061224, 78
24.60154195011338, 24.76408163265306, 78
24.91501133786848, 25.240090702947846, 78
25.55356009070295, 25.739319727891157, 78
25.878639455782313, 26.192108843537415, 78
26.493968253968255, 26.830657596371882, 78
26.923537414965985, 27.2021768707483, 78
27.28344671201814, 27.46920634920635, 78
27.50403628117914, 27.527256235827664, 78
27.93360544217687, 28.142585034013607, 78
28.23546485260771, 28.421224489795918, 78
28.88562358276644, 29.094603174603176, 78
29.19909297052154, 29.373242630385487, 78
29.837641723356008, 30.046621315192745, 78
30.15111111111111, 30.325260770975056, 78
30.476190476190474, 30.65034013605442, 78
31.43981859410431, 31.63718820861678, 78
32.38022675736961, 32.55437641723356, 78
33.34385487528345, 33.55283446712018, 78
38.254875283446715, 38.417414965986396, 78
38.89342403628118, 39.52036281179139, 78
39.64807256235828, 39.68290249433107, 78
39.84544217687075, 40.379501133786846, 78
40.79746031746032, 41.01804988662131, 78
41.05287981859411, 41.424399092970525, 78
41.73786848072562, 41.9352380952381, 78
42.22548752834467, 42.38802721088435, 78
42.55056689342403, 42.70149659863946, 78
43.165895691609975, 43.78122448979592, 78
44.11791383219955, 44.73324263038549, 78
45.081541950113376, 45.244081632653064, 78
45.39501133786848, 45.94068027210884, 78
46.672108843537416, 46.88108843537415, 78
47.62412698412698, 47.83310657596372, 78
48.576145124716554, 48.78512471655329, 78
53.48716553287982, 53.81224489795918, 78
54.114104308390026, 54.31147392290249, 78
54.45079365079365, 54.764263038548755, 78
55.06612244897959, 55.240272108843534, 78
55.40281179138322, 55.71628117913832, 78
56.018140589569164, 56.19229024943311, 78
56.35482993197279, 56.66829931972789, 78
56.97015873015873, 57.2604081632653, 78
57.446167800453516, 58.06149659863946, 78
58.096326530612245, 58.200816326530614, 78
58.409795918367344, 58.583945578231294, 78
59.083174603174605, 59.16444444444444, 78
59.36181405895692, 59.559183673469384, 78
60.011972789115646, 60.070022675736965, 78
60.31383219954648, 60.52281179138322, 78
60.62730158730159, 61.08009070294784, 78
6.6873469387755105, 6.8382766439909295, 79
21.91963718820862, 22.0821768707483, 79
52.407437641723355, 52.54675736961451, 79
0.16253968253968254, 0.3599092970521542, 80
0.7894784580498866, 0.9520181405895691, 80
1.1145578231292517, 1.3003174603174603, 80
1.7414965986394557, 1.9156462585034013, 80
2.066575963718821, 2.2523356009070294, 80
2.693514739229025, 2.8676643990929707, 80
3.030204081632653, 3.215963718820862, 80
3.645532879818594, 3.900952380952381, 80
3.9706122448979593, 4.144761904761904, 80
4.609160997732427, 4.864580498866213, 80
4.911020408163266, 5.108390022675737, 80
5.561179138321996, 5.8165986394557825, 80
5.863038548752835, 6.048798185941043, 80
6.513197278911565, 6.698956916099773, 80
6.826666666666667, 7.000816326530612, 80
7.465215419501134, 7.6741950113378685, 80
11.900226757369614, 12.062766439909296, 80
12.225306122448979, 12.329795918367347, 80
12.852244897959183, 13.014784580498866, 80
13.188934240362812, 13.246984126984128, 80
13.804263038548752, 13.966802721088435, 80
14.140952380952381, 14.17578231292517, 80
14.767891156462586, 14.918820861678004, 80
15.081360544217688, 15.12780045351474, 80
15.232290249433106, 15.267120181405895, 80
15.406439909297053, 15.603809523809524, 80
16.021768707482995, 16.195918367346938, 80
16.35845804988662, 16.567437641723355, 80
16.985396825396826, 17.147936507936507, 80
17.31047619047619, 17.554285714285715, 80
17.937414965986395, 18.099954648526076, 80
18.26249433106576, 18.552743764172334, 80
18.877823129251702, 19.121632653061223, 80
19.202902494331067, 19.388662131519276, 80
19.841451247165534, 20.050430839002267, 80
20.154920634920636, 20.340680272108845, 80
20.793469387755103, 21.002448979591836, 80
21.106938775510205, 21.28108843537415, 80
21.745487528344672, 21.91963718820862, 80
22.070566893424036, 22.244716553287983, 80
22.69750566893424, 22.906485260770975, 80
27.144126984126984, 27.295056689342402, 80
27.46920634920635, 27.515646258503402, 80
28.096145124716553, 28.24707482993197, 80
28.421224489795918, 28.45605442176871, 80
29.048163265306123, 29.19909297052154, 80
29.373242630385487, 29.408072562358278, 80
30.00018140589569, 30.15111111111111, 80
31.277278911564625, 31.40498866213152, 80
31.590748299319728, 32.066757369614514, 80
32.21768707482993, 32.38022675736961, 80
32.55437641723356, 32.64725623582766, 80
33.1697052154195, 33.30902494331066, 80
33.483174603174604, 33.58766439909297, 80
33.84308390022676, 33.97079365079365, 80
34.12172335600907, 34.29587301587301, 80
34.44680272108844, 34.66739229024943, 80
35.073741496598636, 35.247891156462586, 80
35.398820861678004, 35.59619047619048, 80
36.02575963718821, 36.18829931972789, 80
36.35083900226758, 36.51337868480726, 80
36.977777777777774, 37.151927437641724, 80
37.30285714285714, 37.46539682539682, 80
37.92979591836735, 38.09233560090703, 80
39.09079365079365, 39.20689342403628, 80
39.3578231292517, 39.833832199546485, 80
40.983219954648526, 41.11092970521542, 80
41.26185941043084, 41.749478458049886, 80
42.37641723356009, 42.5621768707483, 80
43.32843537414966, 43.51419501133787, 80
44.28045351473923, 44.50104308390023, 80
45.2324716553288, 45.453061224489794, 80
45.88263038548753, 46.126439909297055, 80
46.509569160997735, 46.672108843537416, 80
46.834648526077096, 47.07845804988662, 80
47.4615873015873, 47.62412698412698, 80
47.78666666666667, 48.03047619047619, 80
48.41360544217687, 48.576145124716554, 80
48.738684807256234, 48.959274376417234, 80
49.36562358276644, 49.621043083900226, 80
49.679092970521545, 49.85324263038549, 80
50.31764172335601, 50.80526077097505, 80
51.26965986394558, 51.757278911564626, 80
52.22167800453515, 52.41904761904762, 80
52.54675736961451, 52.72090702947846, 80
53.173696145124715, 53.4291156462585, 80
53.46394557823129, 53.498775510204084, 80
57.62031746031746, 57.77124716553288, 80
57.94539682539683, 57.980226757369614, 80
58.57233560090703, 58.73487528344671, 80
58.89741496598639, 58.93224489795919, 80
59.5243537414966, 59.686893424036285, 80
59.849433106575965, 59.895873015873015, 80
60.47637188208617, 60.62730158730159, 80
60.80145124716553, 60.84789115646259, 80
0.011609977324263039, 0.034829931972789115, 81
0.06965986394557823, 0.10448979591836735, 81
0.3599092970521542, 0.4295691609977324, 81
0.7778684807256235, 0.8126984126984127, 81
0.9636281179138322, 1.172607709750567, 81
1.6370068027210884, 1.6718367346938776, 81
1.9040362811791383, 2.124625850340136, 81
2.8676643990929707, 3.01859410430839, 81
3.053424036281179, 3.2856235827664397, 81
7.778684807256236, 8.417233560090702, 81
8.730702947845804, 9.05578231292517, 81
9.682721088435374, 9.787210884353742, 81
9.833650793650794, 10.00780045351474, 81
10.634739229024943, 10.95981859410431, 81
15.429659863945579, 15.66185941043084, 81
16.207528344671204, 16.46294784580499, 81
16.497777777777777, 16.602267573696146, 81
17.159546485260773, 17.287256235827666, 81
17.333696145124716, 17.554285714285715, 81
18.11156462585034, 18.239274376417235, 81
18.285714285714285, 18.332154195011338, 81
18.45986394557823, 18.506303854875284, 81
23.010975056689343, 23.800453514739228, 81
23.962993197278912, 24.067482993197277, 81
24.125532879818593, 24.288072562358277, 81
24.33451247165533, 24.752471655328797, 81
25.274920634920633, 25.56517006802721, 81
25.66965986394558, 25.71609977324263, 81
25.878639455782313, 26.51718820861678, 81
32.21768707482993, 32.26412698412698, 81
38.417414965986396, 38.579954648526076, 81
38.730884353741494, 38.905034013605444, 81
39.3578231292517, 39.86866213151927, 81
40.321451247165534, 40.483990929705215, 81
40.63492063492063, 40.80907029478458, 81
41.26185941043084, 41.4940589569161, 81
41.586938775510205, 41.78430839002267, 81
43.32843537414966, 43.36326530612245, 81
46.68371882086168, 46.81142857142857, 81
47.62412698412698, 47.821496598639456, 81
48.39038548752834, 48.425215419501136, 81
48.576145124716554, 48.71546485260771, 81
49.574603174603176, 49.621043083900226, 81
53.48716553287982, 53.823854875283445, 81
56.505759637188206, 56.993378684807254, 81
0.313469387755102, 0.4876190476190476, 83
0.626938775510204, 0.9520181405895691, 83
1.242267573696145, 1.4512471655328798, 83
1.5789569160997732, 1.9156462585034013, 83
2.2175056689342405, 2.414875283446712, 83
2.5425850340136056, 2.8328344671201813, 83
3.1695238095238096, 3.6687528344671203, 83
3.959002267573696, 3.9938321995464854, 83
4.121541950113379, 4.632380952380952, 83
4.911020408163266, 4.9458503401360545, 83
5.073560090702948, 5.6656689342403626, 83
6.977596371882086, 7.604535147392291, 83
8.092154195011338, 8.40562358276644, 83
9.05578231292517, 9.369251700680271, 83
10.00780045351474, 10.24, 83
10.95981859410431, 11.250068027210885, 83
15.545759637188208, 15.824399092970522, 83
15.870839002267573, 16.056598639455782, 83
16.50938775510204, 17.066666666666666, 83
17.46140589569161, 17.96063492063492, 83
18.413424036281178, 18.91265306122449, 83
19.353832199546485, 19.98077097505669, 83
20.305850340136054, 20.56126984126984, 83
20.59609977324263, 20.956009070294783, 83
21.223038548752836, 21.908027210884352, 83
22.209886621315192, 22.86004535147392, 83
23.336054421768708, 23.637913832199548, 83
24.288072562358277, 24.60154195011338, 83
25.240090702947846, 25.518730158730158, 83
26.192108843537415, 26.36625850340136, 83
30.789659863945577, 31.288888888888888, 83
31.753287981859412, 32.31056689342404, 83
32.70530612244898, 32.92589569160998, 83
33.01877551020408, 33.32063492063492, 83
33.65732426303855, 34.261043083900226, 83
34.38875283446712, 34.43519274376417, 83
34.481632653061226, 35.247891156462586, 83
35.561360544217685, 35.781950113378684, 83
35.87482993197279, 36.19990929705215, 83
36.51337868480726, 36.710748299319725, 83
36.826848072562356, 37.151927437641724, 83
37.46539682539682, 37.61632653061225, 83
37.77886621315193, 38.034285714285716, 83
38.579954648526076, 38.75410430839002, 83
39.36943310657596, 39.764172335600904, 83
40.47238095238095, 40.646530612244895, 83
41.2734693877551, 41.807528344671205, 83
46.03356009070295, 46.672108843537416, 83
46.985578231292514, 47.62412698412698, 83
47.93759637188209, 48.576145124716554, 83
48.88961451247165, 49.13342403628118, 83
49.191473922902496, 49.5978231292517, 83
49.80680272108844, 50.01578231292517, 83
50.155102040816324, 50.654331065759635, 83
50.758820861678004, 50.979410430839, 83
51.7340589569161, 51.93142857142857, 83
52.05913832199546, 52.360997732426306, 83
52.68607709750567, 53.2085260770975, 83
53.81224489795918, 53.98639455782313, 83
54.764263038548755, 54.95002267573696, 83
55.71628117913832, 56.006530612244894, 83
56.66829931972789, 56.97015873015873, 83
41.92362811791383, 41.95845804988662, 84
42.26031746031746, 42.44607709750567, 84
42.55056689342403, 42.666666666666664, 84
0.47600907029478456, 0.6733786848072563, 85
1.4280272108843537, 1.5905668934240362, 85
2.380045351473923, 2.5425850340136056, 85
3.332063492063492, 3.4946031746031747, 85
4.295691609977324, 4.458231292517007, 85
5.2477097505668935, 5.410249433106576, 85
6.199727891156463, 6.373877551020408, 85
7.151746031746032, 7.337505668934241, 85
8.301133786848073, 8.335963718820862, 85
9.206712018140589, 9.287981859410431, 85
11.110748299319727, 11.19201814058957, 85
15.719909297052155, 15.870839002267573, 85
16.671927437641724, 16.834467120181404, 85
17.623945578231293, 17.786485260770974, 85
18.575963718820862, 18.75011337868481, 85
19.52798185941043, 19.725351473922903, 85
20.48, 20.64253968253968, 85
21.43201814058957, 21.59455782312925, 85
22.38403628117914, 22.54657596371882, 85
23.49859410430839, 23.54503401360544, 85
24.439002267573695, 24.52027210884354, 85
25.402630385487527, 25.48390022675737, 85
30.766439909297052, 30.801269841269843, 85
30.928979591836736, 31.161179138321994, 85
31.60235827664399, 31.672018140589568, 85
31.90421768707483, 32.21768707482993, 85
32.833015873015874, 33.19292517006803, 85
33.80825396825397, 33.982403628117915, 85
34.7718820861678, 34.9924716553288, 85
35.72390022675737, 35.88643990929705, 85
36.67591836734694, 36.83845804988662, 85
37.62793650793651, 37.82530612244898, 85
46.19609977324263, 46.35863945578231, 85
47.1481179138322, 47.31065759637188, 85
48.10013605442177, 48.26267573696145, 85
49.05215419501134, 49.22630385487528, 85
50.004172335600906, 50.18993197278912, 85
50.95619047619048, 51.11873015873016, 85
51.908208616780044, 52.070748299319725, 85
52.86022675736962, 53.0227664399093, 85
56.81922902494331, 56.91210884353742, 85
4.167981859410431, 4.214421768707483, 87
6.397097505668934, 6.489977324263038, 87
14.32671201814059, 14.373151927437641, 87
19.4118820861678, 19.51637188208617, 87
20.36390022675737, 20.44517006802721, 87
22.267936507936508, 22.372426303854876, 87
22.58140589569161, 22.674285714285713, 87
29.547392290249434, 29.60544217687075, 87
34.481632653061226, 34.53968253968254, 87
34.690612244897956, 34.76027210884354, 87
34.95764172335601, 35.20145124716553, 87
35.66585034013605, 35.70068027210884, 87
42.20226757369615, 42.38802721088435, 87
42.42285714285714, 42.48090702947846, 87
49.86485260770975, 49.98095238095238, 87
50.20154195011338, 50.30603174603175, 87
50.81687074829932, 50.93297052154195, 87
51.76888888888889, 51.89659863945578, 87
52.744126984126986, 52.83700680272109, 87
53.03437641723356, 53.16208616780045, 87
3.912562358276644, 3.947392290249433, 88
30.360090702947847, 30.511020408163265, 88
30.766439909297052, 30.882539682539683, 88
31.30049886621315, 31.33532879818594, 88
31.37015873015873, 31.40498866213152, 88
31.463038548752834, 31.497868480725625, 88
31.590748299319728, 31.613968253968252, 88
31.62557823129252, 31.753287981859412, 88
32.670476190476194, 32.71691609977324, 88
32.97233560090703, 33.1697052154195, 88
33.36707482993197, 33.40190476190476, 88
33.51800453514739, 33.55283446712018, 88
34.29587301587301, 34.35392290249433, 88
38.10394557823129, 38.15038548752835, 88
39.70612244897959, 39.833832199546485, 88
40.03120181405896, 40.12408163265306, 88
42.689886621315196, 42.79437641723356, 88
51.45541950113379, 51.57151927437642, 88
14.779501133786848, 14.8259410430839, 90
27.155736961451247, 27.17895691609977, 90
31.451428571428572, 31.497868480725625, 90
31.590748299319728, 31.648798185941043, 90
33.35546485260771, 33.40190476190476, 90
33.52961451247165, 33.55283446712018, 90
35.398820861678004, 35.5265306122449, 90
35.66585034013605, 35.72390022675737, 90
36.36244897959184, 36.432108843537414, 90
40.15891156462585, 40.19374149659864, 90
43.35165532879819, 43.46775510204082, 90
44.373333333333335, 44.40816326530612, 90
0.17414965986394557, 0.2786394557823129, 92
1.1261678004535147, 1.242267573696145, 92
1.787936507936508, 1.822766439909297, 92
2.078185941043084, 2.2058956916099772, 92
2.728344671201814, 2.786394557823129, 92
3.030204081632653, 3.1579138321995464, 92
3.982222222222222, 4.0751020408163265, 92
4.9458503401360545, 5.015510204081632, 92
5.584399092970521, 5.6656689342403626, 92
5.897868480725624, 5.955918367346939, 92
6.5364172335600905, 6.617687074829932, 92
7.48843537414966, 7.569705215419501, 92
15.418049886621315, 15.534149659863946, 92
16.35845804988662, 16.474557823129253, 92
17.31047619047619, 17.426575963718822, 92
18.274104308390022, 18.390204081632653, 92
18.92426303854875, 18.99392290249433, 92
19.22612244897959, 19.319002267573698, 92
19.86467120181406, 19.9459410430839, 92
20.816689342403627, 20.851519274376418, 92
21.141768707482992, 21.21142857142857, 92
21.768707482993197, 21.849977324263037, 92
22.732335600907028, 22.825215419501134, 92
31.288888888888888, 31.40498866213152, 92
31.60235827664399, 31.683628117913834, 92
32.229297052154195, 32.298956916099776, 92
33.19292517006803, 33.29741496598639, 92
34.144943310657595, 34.21460317460318, 92
35.073741496598636, 35.20145124716553, 92
36.03736961451247, 36.17668934240363, 92
36.989387755102044, 37.10548752834467, 92
37.92979591836735, 37.98784580498866, 92
42.38802721088435, 42.53895691609977, 92
43.35165532879819, 43.47936507936508, 92
44.30367346938775, 44.43138321995465, 92
45.89424036281179, 45.9871201814059, 92
46.54439909297052, 46.6140589569161, 92
46.834648526077096, 46.96235827664399, 92
47.49641723356009, 47.57768707482993, 92
47.79827664399093, 47.9027664399093, 92
48.44843537414966, 48.518095238095235, 92
48.7502947845805, 48.8431746031746, 92
49.70231292517007, 49.76036281179138, 92
51.304489795918364, 51.38575963718821, 92
51.61795918367347, 51.710839002267576, 92
53.19691609977324, 53.289795918367346, 92
38.74249433106576, 38.846984126984125, 93
2.728344671201814, 2.7747845804988662, 95
3.575873015873016, 3.633922902494331, 95
9.067392290249433, 9.195102040816327, 95
10.019410430839002, 10.147120181405896, 95
10.971428571428572, 11.00625850340136, 95
23.359274376417233, 23.486984126984126, 95
25.26331065759637, 25.391020408163264, 95
34.690612244897956, 34.73705215419501, 95
47.07845804988662, 47.13650793650794, 95
54.78748299319728, 54.83392290249433, 95
55.739501133786845, 55.86721088435374, 95
30.95219954648526, 31.161179138321994, 97
32.8562358276644, 33.01877551020408, 97
