80.4455328798186, 80.5035827664399, 25
80.55002267573695, 80.59646258503402, 25
83.17387755102041, 83.20870748299319, 25
8.811972789115647, 8.846802721088435, 27
13.165714285714285, 13.235374149659863, 27
15.197460317460317, 15.232290249433106, 27
19.56281179138322, 19.6324716553288, 27
24.171972789115646, 24.38095238095238, 27
25.971519274376416, 26.122448979591837, 27
26.40108843537415, 26.447528344671202, 27
26.760997732426304, 26.79582766439909, 27
27.945215419501135, 28.142585034013607, 27
28.24707482993197, 28.35156462585034, 27
32.35700680272109, 32.42666666666667, 27
32.995555555555555, 33.041995464852604, 27
33.78503401360544, 33.877913832199546, 27
34.411972789115644, 34.49324263038549, 27
38.76571428571429, 38.8237641723356, 27
39.381043083900224, 39.43909297052154, 27
40.2053514739229, 40.27501133786848, 27
45.17442176870748, 45.22086167800453, 27
45.255691609977326, 45.29052154195011, 27
45.453061224489794, 45.569160997732425, 27
49.783582766439906, 49.99256235827664, 27
51.594739229024945, 51.82693877551021, 27
52.54675736961451, 52.65124716553288, 27
53.78902494331066, 54.044444444444444, 27
57.99183673469388, 58.026666666666664, 27
59.37342403628118, 59.408253968253966, 27
64.37732426303855, 64.43537414965986, 27
72.85260770975057, 72.92226757369615, 27
77.19473922902495, 77.36888888888889, 27
89.97732426303855, 90.07020408163265, 27
96.38603174603175, 96.46730158730159, 27
96.80399092970522, 96.838820861678, 27
97.74439909297053, 97.8140589569161, 27
98.42938775510204, 98.48743764172336, 27
102.77151927437642, 102.88761904761905, 27
103.78158730158731, 103.81641723356009, 27
104.59428571428572, 104.61750566893424, 27
104.78004535147392, 104.9425850340136, 27
106.62603174603174, 106.66086167800454, 27
115.58893424036282, 115.6237641723356, 27
115.63537414965987, 115.70503401360544, 27
121.97442176870749, 122.02086167800454, 27
126.5835827664399, 126.80417233560091, 27
128.0, 128.11609977324264, 27
129.36997732426303, 129.43963718820862, 27
130.34521541950113, 130.5193650793651, 27
130.60063492063492, 130.80961451247165, 27
141.17732426303854, 141.23537414965986, 27
147.58603174603175, 147.77179138321995, 27
153.6, 153.70448979591836, 27
153.9831292517007, 154.041179138322, 27
160.38022675736963, 160.43827664399092, 27
162.41197278911565, 162.47002267573697, 27
22.360816326530614, 22.3956462585034, 29
0.34829931972789113, 0.3947392290249433, 30
108.78548752834467, 108.82031746031745, 30
116.0301133786848, 116.18104308390022, 30
1.3815873015873017, 1.5325170068027212, 32
3.599092970521542, 3.633922902494331, 32
4.237641723356009, 4.295691609977324, 32
16.35845804988662, 16.579047619047618, 32
17.449795918367347, 17.507845804988662, 32
21.39718820861678, 21.59455782312925, 32
28.827573696145123, 29.013333333333332, 32
30.243990929705216, 30.313650793650794, 32
34.202993197278914, 34.411972789115644, 32
34.795102040816325, 35.015691609977324, 32
36.17668934240363, 36.26956916099773, 32
36.989387755102044, 37.05904761904762, 32
37.56988662131519, 37.67437641723356, 32
40.600090702947846, 40.820680272108845, 32
41.180589569161, 41.412789115646255, 32
42.00489795918367, 42.132607709750566, 32
45.9871201814059, 46.78820861678005, 32
46.99718820861678, 47.19455782312925, 32
55.99492063492063, 57.597097505668934, 32
59.013514739229024, 59.37342403628118, 32
59.80299319727891, 60.03519274376417, 32
60.38349206349206, 60.47637188208617, 32
65.19002267573696, 65.84018140589569, 32
66.780589569161, 67.11727891156463, 32
71.8077097505669, 72.19083900226758, 32
73.23573696145125, 73.31700680272108, 32
77.99582766439909, 78.64598639455782, 32
78.99428571428571, 79.51673469387755, 32
79.60961451247165, 79.77215419501134, 32
89.23428571428572, 89.30394557823129, 32
91.03383219954648, 91.46340136054421, 32
91.77687074829932, 91.99746031746032, 32
92.36897959183673, 92.601179138322, 32
97.41931972789115, 97.75600907029478, 32
98.19718820861678, 98.42938775510204, 32
98.76607709750567, 99.12598639455783, 32
106.38222222222223, 106.61442176870749, 32
107.961179138322, 108.76226757369615, 32
112.37297052154194, 112.58195011337868, 32
118.75845804988663, 118.97904761904762, 32
121.41714285714286, 121.46358276643991, 32
123.79718820861677, 124.01777777777778, 32
124.37768707482994, 124.76081632653062, 32
131.21596371882086, 131.40172335600906, 32
132.19120181405896, 133.2128798185941, 32
133.3754195011338, 133.6540589569161, 32
133.9675283446712, 134.3738775510204, 32
135.592925170068, 136.24308390022676, 32
136.57977324263038, 136.8235827664399, 32
141.99002267573695, 142.68662131519275, 32
143.56897959183672, 143.62702947845804, 32
143.6386394557823, 143.92888888888888, 32
148.41034013605443, 149.06049886621315, 32
149.39718820861677, 149.62938775510204, 32
154.7958276643991, 155.44598639455782, 32
155.80589569160998, 155.99165532879817, 32
156.42122448979592, 156.79274376417234, 32
161.20453514739228, 161.85469387755103, 32
162.19138321995464, 162.41197278911565, 32
108.76226757369615, 108.79709750566893, 33
0.9636281179138322, 1.0100680272108844, 34
19.969160997732427, 20.01560090702948, 34
24.160362811791384, 24.38095238095238, 34
24.60154195011338, 24.822131519274375, 34
25.193650793650793, 25.391020408163264, 34
49.771972789115644, 49.98095238095238, 34
50.20154195011338, 50.41052154195011, 34
75.77832199546485, 76.02213151927438, 34
101.99365079365079, 102.02848072562358, 34
102.2142403628118, 102.24907029478459, 34
116.42485260770975, 116.61061224489796, 34
122.36916099773242, 122.43882086167801, 34
127.00154195011338, 127.22213151927437, 34
127.53560090702948, 127.79102040816326, 34
152.17197278911564, 152.20680272108842, 34
152.57832199546485, 152.82213151927436, 34
164.75718820861678, 164.82684807256237, 34
3.1811337868480725, 3.274013605442177, 36
4.96907029478458, 5.038730158730159, 36
0.3599092970521542, 0.3947392290249433, 37
3.1927437641723357, 3.610702947845805, 37
3.8080725623582765, 4.191201814058957, 37
4.597551020408163, 5.77015873015873, 37
9.58984126984127, 10.042630385487529, 37
12.004716553287983, 12.10920634920635, 37
18.413424036281178, 18.483083900226756, 37
41.56371882086168, 42.26031746031746, 37
42.64344671201814, 42.67827664399093, 37
60.75501133786848, 61.47482993197279, 37
61.962448979591834, 62.00888888888889, 37
62.17142857142857, 62.902857142857144, 37
67.19854875283447, 67.87192743764173, 37
68.75428571428571, 68.96326530612245, 37
81.45560090702948, 82.140589569161, 37
92.77532879818594, 93.48353741496598, 37
93.59963718820862, 93.83183673469388, 37
94.56326530612245, 94.67936507936508, 37
94.99283446712018, 95.12054421768707, 37
95.19020408163266, 95.23664399092971, 37
108.7738775510204, 108.8087074829932, 37
111.98984126984126, 112.48907029478458, 37
114.41632653061224, 114.48598639455783, 37
118.39854875283447, 118.79328798185941, 37
118.8281179138322, 118.88616780045352, 37
119.40861678004535, 119.44344671201814, 37
120.81342403628118, 120.90630385487529, 37
138.7740589569161, 138.901768707483, 37
139.8073469387755, 139.85378684807256, 37
139.98149659863947, 140.17886621315193, 37
140.42267573696145, 140.5387755102041, 37
144.97378684807256, 145.00861678004534, 37
145.17115646258503, 145.22920634920635, 37
157.837641723356, 157.88408163265305, 37
158.4065306122449, 158.6503401360544, 37
169.57532879818595, 169.94684807256235, 37
169.98167800453515, 170.07455782312925, 37
24.171972789115646, 24.253242630385486, 38
49.783582766439906, 49.98095238095238, 38
126.5835827664399, 126.80417233560091, 38
0.0, 0.023219954648526078, 39
0.06965986394557823, 0.3947392290249433, 39
0.9287981859410431, 1.0216780045351475, 39
8.742312925170069, 8.823582766439909, 39
9.183492063492064, 9.392471655328798, 39
12.817414965986394, 13.270204081632652, 39
15.162630385487528, 15.232290249433106, 39
15.580589569160997, 15.731519274376417, 39
19.13324263038549, 19.736961451247165, 39
25.611609977324264, 26.1340589569161, 39
26.40108843537415, 26.51718820861678, 39
26.807437641723357, 26.958367346938775, 39
33.8314739229025, 33.877913832199546, 39
34.40036281179138, 34.47002267573696, 39
38.42902494331066, 39.81061224489796, 39
40.15891156462585, 40.2053514739229, 39
40.80907029478458, 40.84390022675737, 39
44.7912925170068, 46.021950113378686, 39
46.79981859410431, 46.84625850340136, 39
51.211609977324265, 54.485623582766436, 39
54.84553287981859, 54.99646258503402, 39
57.57387755102041, 58.29369614512472, 39
63.994195011337865, 64.6443537414966, 39
70.3912925170068, 71.09950113378684, 39
72.85260770975057, 72.92226757369615, 39
76.78839002267574, 77.39210884353741, 39
89.59419501133787, 90.94095238095238, 39
90.97578231292518, 91.02222222222223, 39
95.96807256235827, 97.05941043083901, 39
97.76761904761905, 97.8140589569161, 39
98.42938775510204, 98.45260770975057, 39
102.37678004535148, 105.61596371882086, 39
115.21741496598639, 115.69342403628117, 39
117.56263038548752, 117.63229024943311, 39
117.980589569161, 118.01541950113379, 39
121.5912925170068, 122.13696145124716, 39
128.01160997732427, 128.67337868480726, 39
134.3738775510204, 134.98920634920634, 39
140.79419501133788, 141.38630385487528, 39
143.18585034013606, 143.22068027210884, 39
147.17968253968255, 147.82984126984127, 39
149.65260770975055, 149.69904761904763, 39
153.58839002267572, 154.27337868480726, 39
158.01179138321996, 158.10467120181406, 39
159.98548752834466, 160.58920634920634, 39
160.96072562358276, 161.2974149659864, 39
162.3887528344671, 162.4584126984127, 39
0.06965986394557823, 0.17414965986394557, 41
4.156371882086168, 4.191201814058957, 41
11.180408163265307, 11.679637188208616, 41
17.589115646258502, 18.088344671201813, 41
22.360816326530614, 22.99936507936508, 41
23.18512471655329, 23.34766439909297, 41
24.171972789115646, 24.253242630385486, 41
47.96081632653061, 48.64580498866213, 41
49.771972789115644, 49.99256235827664, 41
73.54920634920634, 75.04689342403628, 41
80.56163265306122, 80.70095238095239, 41
93.59963718820862, 93.64607709750567, 41
99.2304761904762, 99.81097505668934, 41
113.5804081632653, 114.12607709750567, 41
119.9891156462585, 120.51156462585034, 41
124.76081632653062, 125.5154648526077, 41
126.57197278911565, 126.80417233560091, 41
158.4065306122449, 158.68517006802722, 41
163.15501133786847, 163.81678004535146, 41
13.606893424036281, 13.711383219954648, 42
13.966802721088435, 14.001632653061224, 42
20.050430839002267, 20.131700680272107, 42
83.56861678004535, 83.60344671201814, 42
108.76226757369615, 108.78548752834467, 42
116.04172335600907, 116.18104308390022, 42
110.15546485260771, 110.1902947845805, 43
1.3699773242630386, 2.681904761904762, 44
5.584399092970521, 5.630839002267574, 44
10.80888888888889, 11.19201814058957, 44
11.435827664399094, 12.097596371882085, 44
12.399455782312925, 12.805804988662132, 44
14.419591836734694, 15.17424036281179, 44
15.220680272108844, 15.603809523809524, 44
16.34684807256236, 16.950566893424035, 44
17.182766439909297, 17.61233560090703, 44
17.832925170068027, 18.471473922902494, 44
18.808163265306124, 19.202902494331067, 44
20.36390022675737, 21.257868480725623, 44
21.3275283446712, 21.71065759637188, 44
28.804353741496598, 29.26875283446712, 44
29.837641723356008, 31.90421768707483, 44
33.3902947845805, 35.2130612244898, 44
39.787392290249436, 41.61015873015873, 44
41.95845804988662, 42.31836734693878, 44
42.58539682539683, 43.01496598639456, 44
45.97551020408163, 47.368707482993194, 44
54.4043537414966, 54.83392290249433, 44
54.98485260770975, 55.20544217687075, 44
59.00190476190476, 60.80145124716553, 44
61.79990929705215, 62.21786848072562, 44
62.99573696145125, 63.297596371882086, 44
65.16680272108843, 65.90984126984127, 44
65.94467120181406, 66.03755102040816, 44
68.19700680272109, 68.49886621315193, 44
68.80072562358276, 69.07936507936508, 44
69.40444444444445, 69.65986394557824, 44
71.8077097505669, 73.02675736961451, 44
77.98421768707483, 79.95791383219955, 44
80.39909297052154, 80.74739229024944, 44
80.9795918367347, 81.01442176870748, 44
89.23428571428572, 89.62902494331065, 44
90.98739229024943, 92.17160997732427, 44
93.18167800453514, 93.70412698412699, 44
97.39609977324263, 98.62675736961451, 44
105.61596371882086, 106.82340136054422, 44
110.1902947845805, 110.91011337868481, 44
113.19727891156462, 113.6152380952381, 44
113.80099773242631, 114.4627664399093, 44
114.78784580498866, 115.19419501133787, 44
116.79637188208616, 117.26077097505669, 44
117.63229024943311, 118.01541950113379, 44
119.60598639455782, 120.02394557823129, 44
120.34902494331065, 120.89469387755102, 44
121.19655328798186, 121.60290249433106, 44
122.76390022675737, 123.4140589569161, 44
123.44888888888889, 124.1338775510204, 44
131.19274376417235, 131.44816326530614, 44
131.58748299319728, 131.86612244897958, 44
133.41024943310657, 134.39709750566894, 44
135.58131519274377, 136.30113378684808, 44
138.59990929705216, 139.04108843537415, 44
139.8073469387755, 140.20208616780045, 44
142.04807256235827, 143.38321995464852, 44
146.39020408163265, 146.83138321995466, 44
148.37551020408162, 149.0837188208617, 44
154.7609977324263, 155.4575963718821, 44
157.79120181405895, 158.11628117913833, 44
158.4065306122449, 158.47619047619048, 44
161.15809523809523, 161.87791383219954, 44
169.99328798185942, 170.31836734693877, 44
0.40634920634920635, 0.6617687074829932, 46
19.574421768707484, 20.224580498866214, 46
23.579863945578232, 24.38095238095238, 46
24.57832199546485, 24.961451247165535, 46
26.006349206349206, 26.51718820861678, 46
26.760997732426304, 27.596916099773242, 46
28.014875283446713, 28.444444444444443, 46
33.00716553287982, 33.40190476190476, 46
39.404263038548756, 39.81061224489796, 46
45.186031746031745, 45.58077097505669, 46
49.20308390022676, 50.004172335600906, 46
50.178321995464856, 50.561451247165536, 46
51.61795918367347, 51.908208616780044, 46
52.61641723356009, 53.22013605442177, 46
53.614875283446715, 54.044444444444444, 46
58.00344671201814, 58.37496598639456, 46
64.40054421768707, 64.76045351473923, 46
70.80925170068028, 71.15755102040816, 46
74.7914739229025, 75.52290249433106, 46
75.78993197278912, 76.85804988662132, 46
77.2063492063492, 77.56625850340136, 46
90.01215419501133, 90.43011337868481, 46
90.60426303854875, 91.01061224489796, 46
96.40925170068027, 96.80399092970522, 46
97.01297052154194, 97.41931972789115, 46
100.60045351473923, 101.19256235827665, 46
102.80634920634921, 103.21269841269842, 46
103.41006802721088, 103.81641723356009, 46
104.21115646258504, 104.6291156462585, 46
104.80326530612246, 105.23283446712018, 46
108.75065759637188, 108.78548752834467, 46
109.76072562358277, 109.80716553287982, 46
121.98603174603174, 122.659410430839, 46
125.9914739229025, 126.80417233560091, 46
126.96671201814058, 127.38467120181406, 46
128.39473922902494, 128.77786848072563, 46
129.41641723356008, 130.03174603174602, 46
130.41487528344672, 130.8328344671202, 46
134.80344671201814, 135.17496598639457, 46
141.20054421768708, 141.58367346938775, 46
147.60925170068026, 147.98077097505669, 46
151.59147392290248, 152.33451247165533, 46
152.58993197278912, 153.6580498866213, 46
154.0063492063492, 154.37786848072562, 46
160.40344671201814, 160.77496598639456, 46
4.144761904761904, 4.191201814058957, 47
95.56172335600907, 95.66621315192744, 47
3.1811337868480725, 3.215963718820862, 48
22.76716553287982, 23.394104308390023, 48
48.40199546485261, 48.72707482993197, 48
73.99038548752834, 74.30385487528345, 48
99.54394557823129, 100.00834467120181, 48
100.21732426303855, 100.68172335600907, 48
125.2019954648526, 125.57351473922903, 48
150.79038548752834, 151.23156462585035, 48
163.60780045351473, 163.97931972789115, 48
5.050340136054421, 5.2128798185941045, 49
10.39092970521542, 10.85532879818594, 49
12.004716553287983, 12.422675736961452, 49
18.401814058956916, 18.819773242630387, 49
35.781950113378684, 35.90965986394558, 49
36.617868480725626, 36.83845804988662, 49
37.813696145124716, 37.871746031746035, 49
41.633378684807255, 41.853968253968254, 49
42.22548752834467, 42.60861678004535, 49
60.836281179138325, 61.18458049886621, 49
61.39356009070295, 61.82312925170068, 49
62.21786848072562, 62.635827664399095, 49
63.19310657596372, 63.611065759637185, 49
67.221768707483, 67.34947845804989, 49
68.42920634920635, 68.83555555555556, 49
69.0097052154195, 69.43927437641723, 49
69.6366439909297, 69.93850340136055, 49
69.99655328798185, 70.34485260770975, 49
79.95791383219955, 80.38748299319728, 49
80.6312925170068, 80.9795918367347, 49
81.037641723356, 81.39755102040816, 49
87.02839002267574, 87.10965986394558, 49
89.40843537414966, 89.6174149659864, 49
92.83337868480726, 93.20489795918367, 49
93.59963718820862, 93.82022675736961, 49
94.20335600907029, 94.62131519274377, 49
94.99283446712018, 95.23664399092971, 49
95.57333333333334, 96.01451247165532, 49
109.77233560090703, 110.20190476190476, 49
112.79092970521542, 113.19727891156462, 49
114.40471655328798, 114.84589569160998, 49
119.19963718820861, 119.61759637188209, 49
120.80181405895692, 121.23138321995465, 49
137.6130612244898, 137.9497505668934, 49
139.59836734693877, 139.86539682539683, 49
140.05115646258503, 140.42267573696145, 49
144.021768707483, 144.16108843537415, 49
146.20444444444445, 146.35537414965987, 49
146.80816326530612, 147.1332426303855, 49
156.8043537414966, 157.19909297052155, 49
157.40807256235829, 157.86086167800454, 49
158.4065306122449, 159.26566893424035, 49
169.5869387755102, 169.91201814058957, 49
170.2138775510204, 170.66666666666666, 49
171.17750566893423, 173.03510204081633, 49
24.171972789115646, 24.241632653061224, 50
0.0, 0.023219954648526078, 51
0.06965986394557823, 0.3599092970521542, 51
0.615328798185941, 0.9636281179138322, 51
6.443537414965986, 6.780226757369615, 51
8.394013605442177, 9.58984126984127, 51
12.770975056689343, 12.805804988662132, 51
12.84063492063492, 13.096054421768708, 51
14.802721088435375, 15.986938775510204, 51
21.62938775510204, 22.058956916099774, 51
25.64643990929705, 25.971519274376416, 51
26.389478458049886, 26.969977324263038, 51
29.19909297052154, 29.80281179138322, 51
32.02031746031746, 32.31056689342404, 51
32.40344671201814, 33.3902947845805, 51
33.80825396825397, 34.21460317460318, 51
34.40036281179138, 34.853151927437644, 51
38.81215419501134, 39.7990022675737, 51
40.18213151927438, 40.62331065759637, 51
40.79746031746032, 41.23863945578231, 51
44.82612244897959, 45.38340136054422, 51
45.41823129251701, 45.97551020408163, 51
46.78820861678005, 47.04362811791383, 51
47.22938775510204, 47.93759637188209, 51
51.22321995464853, 53.52199546485261, 51
53.56843537414966, 54.323083900226756, 51
54.79909297052154, 55.263492063492066, 51
57.57387755102041, 58.92063492063492, 51
59.43147392290249, 59.8378231292517, 51
59.98875283446712, 60.40671201814059, 51
64.04063492063491, 65.1784126984127, 51
66.00272108843538, 66.23492063492064, 51
66.40907029478458, 66.79219954648526, 51
70.43773242630385, 71.7728798185941, 51
72.79455782312925, 73.20090702947846, 51
76.78839002267574, 78.01904761904763, 51
89.57097505668935, 91.02222222222223, 51
91.39374149659864, 91.83492063492064, 51
91.98585034013605, 92.42702947845805, 51
98.40616780045352, 98.81251700680272, 51
102.38839002267574, 105.55791383219955, 51
105.98748299319728, 106.417052154195, 51
106.59120181405896, 107.00916099773242, 51
110.80562358276644, 112.03628117913833, 51
115.24063492063492, 115.4960544217687, 51
117.21433106575964, 117.92253968253968, 51
117.980589569161, 118.44498866213152, 51
121.56807256235828, 122.05569160997733, 51
123.61142857142858, 123.8552380952381, 51
124.02938775510204, 124.44734693877551, 51
128.01160997732427, 131.14630385487527, 51
131.40172335600906, 132.20281179138323, 51
134.3738775510204, 135.62775510204082, 51
136.78875283446712, 137.2067120181406, 51
140.80580498866212, 141.38630385487528, 51
141.42113378684806, 141.9784126984127, 51
142.80272108843536, 143.0465306122449, 51
143.18585034013606, 143.59219954648526, 51
147.21451247165533, 148.37551020408162, 51
149.582947845805, 150.00090702947847, 51
153.58839002267572, 154.78421768707483, 51
155.43437641723355, 155.80589569160998, 51
155.99165532879817, 156.4908843537415, 51
158.0001814058957, 158.4065306122449, 51
159.98548752834466, 161.19292517006804, 51
162.3887528344671, 163.178231292517, 51
166.3825850340136, 169.5521088435374, 51
0.0, 1.3235374149659864, 53
1.3931972789115645, 3.006984126984127, 53
3.1927437641723357, 4.551111111111111, 53
4.5859410430839, 5.712108843537415, 53
23.196734693877552, 23.661133786848072, 53
24.822131519274375, 25.21687074829932, 53
47.972426303854874, 48.49487528344671, 53
48.56453514739229, 49.0637641723356, 53
49.20308390022676, 50.31764172335601, 53
50.41052154195011, 50.8865306122449, 53
73.57242630385487, 74.02521541950114, 53
74.17614512471656, 74.62893424036281, 53
74.77986394557823, 75.81315192743764, 53
75.98730158730159, 76.46331065759637, 53
80.38748299319728, 83.01133786848072, 53
93.18167800453514, 93.71573696145124, 53
93.77378684807256, 94.21496598639456, 53
99.59038548752835, 100.08961451247166, 53
100.18249433106575, 100.6120634920635, 53
100.98358276643991, 101.41315192743764, 53
101.59891156462585, 102.0517006802721, 53
124.76081632653062, 125.31809523809524, 53
125.37614512471656, 125.85215419501134, 53
125.9914739229025, 127.08281179138322, 53
127.21052154195011, 127.6865306122449, 53
138.7740589569161, 139.73768707482992, 53
150.37242630385487, 150.90648526077098, 53
150.97614512471657, 151.44054421768706, 53
151.57986394557824, 152.68281179138322, 53
152.77569160997732, 153.24009070294784, 53
158.39492063492062, 158.89414965986396, 53
163.178231292517, 163.7122902494331, 53
163.78195011337868, 164.67591836734695, 53
164.79201814058956, 166.01106575963718, 53
170.57378684807256, 171.21233560090704, 53
7.186575963718821, 7.616145124716553, 54
13.583673469387755, 14.02485260770975, 54
20.003990929705214, 20.39873015873016, 54
75.81315192743764, 75.84798185941042, 54
83.22031746031746, 83.78920634920635, 54
84.62512471655329, 84.88054421768707, 54
108.76226757369615, 109.79555555555555, 54
115.99528344671202, 116.44807256235828, 54
122.40399092970522, 122.79873015873015, 54
1.4280272108843537, 1.7414965986394557, 56
3.81968253968254, 3.866122448979592, 56
8.765532879818593, 9.276371882086167, 56
10.193560090702947, 10.448979591836734, 56
10.983038548752834, 11.075918367346938, 56
11.784126984126985, 11.818956916099774, 56
12.016326530612245, 12.062766439909296, 56
15.17424036281179, 15.70829931972789, 56
16.590657596371884, 16.62548752834467, 56
17.38013605442177, 17.41496598639456, 56
17.449795918367347, 17.61233560090703, 56
21.571337868480725, 22.00090702947846, 56
24.18358276643991, 24.508662131519273, 56
29.60544217687075, 30.058231292517007, 56
30.174331065759638, 30.209160997732425, 56
30.394920634920634, 30.499410430839003, 56
35.79356009070295, 35.95609977324263, 56
36.989387755102044, 37.384126984126986, 56
41.37795918367347, 41.4940589569161, 56
42.190657596371885, 42.22548752834467, 56
42.98013605442177, 43.01496598639456, 56
47.17133786848073, 47.600907029478456, 56
49.783582766439906, 50.07383219954649, 56
54.98485260770975, 55.40281179138322, 56
59.36181405895692, 60.40671201814059, 56
61.811519274376415, 62.00888888888889, 56
62.04371882086168, 62.194648526077096, 56
63.00734693877551, 63.19310657596372, 56
67.77904761904762, 67.81387755102041, 56
68.20861678004535, 68.49886621315193, 56
69.4160544217687, 69.69469387755102, 56
72.16761904761904, 73.21251700680273, 56
80.39909297052154, 80.9447619047619, 56
81.01442176870748, 81.6065306122449, 56
81.61814058956917, 83.02294784580499, 56
89.42004535147392, 89.5825850340136, 56
91.95102040816326, 92.40380952380953, 56
93.20489795918367, 93.70412698412699, 56
93.82022675736961, 94.28462585034013, 56
94.59809523809524, 95.15537414965986, 56
95.23664399092971, 95.64299319727891, 56
107.99600907029479, 108.04244897959184, 56
110.20190476190476, 110.4108843537415, 56
110.57342403628118, 110.60825396825396, 56
111.18875283446712, 111.6995918367347, 56
112.79092970521542, 112.82575963718821, 56
113.45269841269841, 113.6152380952381, 56
117.57424036281179, 118.08507936507937, 56
119.84979591836735, 119.8962358276644, 56
120.82503401360545, 120.8714739229025, 56
123.99455782312926, 124.40090702947846, 56
126.5835827664399, 126.87383219954648, 56
131.6107029478458, 131.8312925170068, 56
136.57977324263038, 137.6130612244898, 56
138.63473922902494, 138.8088888888889, 56
139.8421768707483, 139.9002267573696, 56
142.58213151927438, 142.86077097505668, 56
143.9637188208617, 143.99854875283447, 56
144.57904761904763, 144.6138775510204, 56
145.19437641723357, 146.21605442176872, 56
146.42503401360545, 146.73850340136053, 56
149.35074829931972, 150.40725623582767, 56
155.7942857142857, 156.39800453514738, 56
156.75791383219953, 156.8043537414966, 56
157.37324263038548, 157.51256235827665, 56
162.17977324263038, 163.16662131519274, 56
167.59002267573698, 169.4592290249433, 56
170.17904761904762, 170.42285714285714, 56
0.058049886621315196, 0.10448979591836735, 58
0.33668934240362813, 0.3947392290249433, 58
0.40634920634920635, 0.6617687074829932, 58
7.592925170068027, 8.034104308390022, 58
13.990022675736961, 14.210612244897959, 58
19.574421768707484, 19.98077097505669, 58
20.027210884353742, 20.09687074829932, 58
23.591473922902495, 24.369342403628117, 58
24.57832199546485, 25.808979591836735, 58
26.02956916099773, 26.21532879818594, 58
26.807437641723357, 27.620136054421767, 58
28.026485260770976, 28.479274376417234, 58
33.00716553287982, 33.40190476190476, 58
39.404263038548756, 39.7990022675737, 58
44.83773242630385, 44.872562358276646, 58
45.19764172335601, 45.47628117913832, 58
49.21469387755102, 50.004172335600906, 58
50.20154195011338, 51.22321995464853, 58
51.62956916099773, 51.81532879818594, 58
52.628027210884355, 53.25496598639456, 58
53.62648526077098, 54.03283446712018, 58
58.00344671201814, 58.38657596371882, 58
64.40054421768707, 64.78367346938775, 58
70.80925170068028, 71.18077097505669, 58
71.64517006802721, 71.69160997732426, 58
74.7914739229025, 75.40680272108844, 58
75.81315192743764, 76.45170068027211, 58
77.2063492063492, 77.57786848072563, 58
83.54539682539682, 83.58022675736962, 58
90.01215419501133, 90.43011337868481, 58
90.60426303854875, 90.9990022675737, 58
96.40925170068027, 96.80399092970522, 58
97.01297052154194, 97.4077097505669, 58
100.99519274376418, 101.41315192743764, 58
101.57569160997733, 102.20263038548752, 58
102.80634920634921, 103.27074829931973, 58
103.41006802721088, 103.80480725623583, 58
104.2227664399093, 104.6291156462585, 58
108.75065759637188, 109.79555555555555, 58
121.99764172335601, 122.67102040816326, 58
126.01469387755103, 126.80417233560091, 58
127.00154195011338, 128.02321995464854, 58
128.37151927437642, 128.85913832199546, 58
129.42802721088435, 130.11301587301588, 58
130.43809523809523, 130.87927437641724, 58
134.8150566893424, 135.1865759637188, 58
141.21215419501135, 141.58367346938775, 58
147.59764172335602, 147.99238095238096, 58
151.60308390022675, 152.20680272108842, 58
152.6015419501134, 153.7277097505669, 58
154.0063492063492, 154.3894784580499, 58
160.40344671201814, 160.78657596371883, 58
164.38566893424036, 165.83691609977325, 58
166.3825850340136, 167.59002267573698, 58
94.59809523809524, 95.0160544217687, 59
1.3931972789115645, 1.7531065759637188, 60
1.7647165532879818, 2.995374149659864, 60
3.2043537414965986, 3.4481632653061225, 60
3.599092970521542, 4.121541950113379, 60
4.191201814058957, 4.4117913832199545, 60
4.597551020408163, 4.864580498866213, 60
5.00390022675737, 5.445079365079365, 60
84.5902947845805, 86.1924716553288, 60
0.0, 0.301859410430839, 61
0.34829931972789113, 1.253877551020408, 61
37.03582766439909, 37.39573696145125, 61
43.02657596371882, 43.10784580498866, 61
68.45242630385488, 68.66140589569162, 61
68.75428571428571, 68.78911564625851, 61
70.36807256235828, 70.41451247165533, 61
79.98113378684808, 81.42077097505668, 61
81.45560090702948, 82.84879818594105, 61
84.9385941043084, 84.98503401360544, 61
89.42004535147392, 89.62902494331065, 61
93.59963718820862, 93.80861678004536, 61
94.22657596371882, 94.2962358276644, 61
95.03927437641724, 95.21342403628118, 61
95.56172335600907, 95.7707029478458, 61
108.7738775510204, 109.79555555555555, 61
112.81414965986394, 112.84897959183674, 61
120.84825396825397, 120.89469387755102, 61
137.6362811791383, 137.69433106575963, 61
138.84371882086168, 138.87854875283446, 61
139.59836734693877, 139.70285714285714, 61
146.83138321995466, 146.86621315192744, 61
147.17968253968255, 147.2261224489796, 61
156.78113378684807, 157.23392290249433, 61
157.37324263038548, 157.6751020408163, 61
158.4065306122449, 159.20761904761906, 61
169.5869387755102, 169.91201814058957, 61
170.15582766439908, 170.65505668934242, 61
171.17750566893423, 171.74639455782312, 61
24.171972789115646, 24.241632653061224, 62
24.624761904761904, 24.659591836734695, 62
75.44163265306122, 75.49968253968254, 62
126.57197278911565, 126.80417233560091, 62
127.0247619047619, 127.0595918367347, 62
8.452063492063493, 8.533333333333333, 63
14.802721088435375, 14.930430839002268, 63
17.589115646258502, 17.786485260770974, 63
20.956009070294783, 21.002448979591836, 63
26.02956916099773, 26.110839002267575, 63
26.43591836734694, 26.55201814058957, 63
27.422766439909296, 27.620136054421767, 63
40.18213151927438, 40.22857142857143, 63
52.59319727891157, 53.011156462585035, 63
59.36181405895692, 59.396643990929704, 63
65.2132426303855, 65.2712925170068, 63
66.00272108843538, 66.0259410430839, 63
67.1869387755102, 67.41913832199546, 63
68.82394557823129, 68.88199546485261, 63
70.78603174603174, 70.9601814058957, 63
76.82321995464852, 76.88126984126984, 63
90.9990022675737, 91.06866213151928, 63
91.38213151927438, 91.5911111111111, 63
96.38603174603175, 96.68789115646258, 63
97.39609977324263, 97.46575963718821, 63
98.59192743764173, 98.80090702947845, 63
105.98748299319728, 106.19646258503401, 63
111.1655328798186, 111.61832199546485, 63
117.20272108843537, 117.37687074829932, 63
120.00072562358277, 120.18648526077098, 63
123.35600907029479, 123.40244897959184, 63
128.58049886621316, 128.73142857142858, 63
129.39319727891157, 129.89242630385488, 63
134.76861678004536, 134.98920634920634, 63
142.55891156462584, 142.6053514739229, 63
142.80272108843536, 142.86077097505668, 63
143.97532879818593, 144.32362811791384, 63
146.77333333333334, 146.80816326530612, 63
148.41034013605443, 148.4451700680272, 63
153.61160997732426, 153.7277097505669, 63
154.8190476190476, 154.93514739229025, 63
160.36861678004536, 160.58920634920634, 63
161.21614512471655, 161.77342403628117, 63
166.3825850340136, 167.02113378684808, 63
0.0, 1.3235374149659864, 65
1.3931972789115645, 3.0418140589569163, 65
3.1927437641723357, 5.61922902494331, 65
11.633197278911565, 11.679637188208616, 65
24.38095238095238, 24.508662131519273, 65
24.57832199546485, 24.659591836734695, 65
24.83374149659864, 25.21687074829932, 65
49.20308390022676, 50.108662131519274, 65
50.20154195011338, 50.340861678004536, 65
50.39891156462585, 51.00263038548753, 65
66.780589569161, 67.21015873015872, 65
73.57242630385487, 73.61886621315193, 65
74.7914739229025, 75.12816326530613, 65
75.37197278911565, 75.43002267573696, 65
75.77832199546485, 75.8595918367347, 65
75.98730158730159, 76.44009070294784, 65
80.0043537414966, 82.38439909297053, 65
84.55546485260771, 84.5902947845805, 65
93.18167800453514, 94.23818594104308, 65
100.97197278911564, 101.04163265306123, 65
114.04480725623583, 114.12607709750567, 65
123.36761904761904, 124.41251700680272, 65
124.74920634920635, 124.77242630385487, 65
126.00308390022676, 126.88544217687075, 65
126.96671201814058, 126.98993197278912, 65
127.00154195011338, 127.08281179138322, 65
138.7740589569161, 139.38938775510204, 65
139.4009977324263, 139.66802721088436, 65
143.580589569161, 144.01015873015874, 65
150.37242630385487, 150.41886621315192, 65
151.59147392290248, 152.13714285714286, 65
152.17197278911564, 152.20680272108842, 65
152.6015419501134, 152.70603174603175, 65
152.76408163265307, 153.21687074829933, 65
158.38331065759638, 158.89414965986396, 65
164.21151927437643, 164.25795918367348, 65
164.3740589569161, 164.4088888888889, 65
164.79201814058956, 165.01260770975057, 65
165.04743764172335, 165.15192743764172, 65
169.66820861678005, 170.4344671201814, 65
170.75954648526078, 171.03818594104308, 65
20.003990929705214, 20.39873015873016, 66
68.40598639455783, 68.98648526077098, 66
69.60181405895692, 70.00816326530612, 66
83.22031746031746, 83.64988662131519, 66
83.75437641723356, 83.80081632653061, 66
89.59419501133787, 89.62902494331065, 66
94.20335600907029, 94.59809523809524, 66
108.76226757369615, 109.79555555555555, 66
122.41560090702947, 122.79873015873015, 66
123.36761904761904, 123.40244897959184, 66
124.40090702947846, 124.80725623582767, 66
145.2059863945578, 145.8097052154195, 66
146.42503401360545, 146.80816326530612, 66
74.03682539682539, 74.07165532879819, 67
3.8312925170068026, 3.959002267573696, 68
5.584399092970521, 6.188117913832199, 68
7.790294784580499, 8.034104308390022, 68
9.392471655328798, 9.787210884353742, 68
10.193560090702947, 10.7740589569161, 68
10.994648526077098, 11.42421768707483, 68
12.016326530612245, 12.19047619047619, 68
14.187392290249432, 14.419591836734694, 68
14.756281179138321, 14.814331065759637, 68
15.777959183673469, 16.091428571428573, 68
16.590657596371884, 17.101496598639457, 68
17.39174603174603, 17.867755102040817, 68
18.413424036281178, 18.599183673469387, 68
20.387120181405894, 21.04888888888889, 68
21.16498866213152, 21.21142857142857, 68
21.59455782312925, 21.989297052154196, 68
24.18358276643991, 24.508662131519273, 68
29.61705215419501, 29.744761904761905, 68
29.837641723356008, 29.942131519274376, 68
30.00018140589569, 30.035011337868482, 68
30.1859410430839, 30.48780045351474, 68
33.40190476190476, 33.57605442176871, 68
34.9924716553288, 35.38721088435374, 68
35.79356009070295, 36.07219954648526, 68
36.58303854875283, 36.96616780045351, 68
37.000997732426306, 37.07065759637188, 68
39.7990022675737, 40.06603174603175, 68
41.40117913832199, 41.795918367346935, 68
42.190657596371885, 42.620226757369615, 68
42.99174603174603, 43.39809523809524, 68
44.02503401360544, 44.11791383219955, 68
44.152743764172335, 44.18757369614512, 68
45.99873015873016, 46.602448979591834, 68
47.217777777777776, 47.53124716553288, 68
48.01886621315193, 48.41360544217687, 68
49.783582766439906, 50.108662131519274, 68
55.797551020408164, 56.006530612244894, 68
56.784399092970524, 57.492607709750565, 68
59.41986394557823, 59.733333333333334, 68
59.953922902494334, 60.011972789115646, 68
60.38349206349206, 60.63891156462585, 68
61.39356009070295, 61.881179138322, 68
61.985668934240366, 62.42684807256236, 68
62.6009977324263, 63.111836734693874, 68
63.59945578231292, 63.994195011337865, 68
65.2132426303855, 66.20009070294785, 68
66.40907029478458, 66.76897959183674, 68
67.79065759637189, 68.28988662131519, 68
68.42920634920635, 68.48725623582766, 68
68.78911564625851, 68.82394557823129, 68
68.98648526077098, 69.53215419501134, 68
69.62503401360544, 69.70630385487529, 68
72.19083900226758, 72.55074829931972, 68
73.20090702947846, 73.61886621315193, 68
79.19165532879819, 79.60961451247165, 68
80.39909297052154, 80.56163265306122, 68
80.59646258503402, 80.95637188208617, 68
81.00281179138322, 82.66303854875284, 68
84.57868480725624, 85.83256235827665, 68
86.97034013605442, 87.28380952380952, 68
89.43165532879819, 89.6174149659864, 68
90.98739229024943, 91.33569160997732, 68
91.37052154195011, 91.4053514739229, 68
91.99746031746032, 92.10195011337869, 68
92.58956916099773, 93.0075283446712, 68
94.59809523809524, 94.69097505668934, 68
95.22503401360544, 95.51528344671202, 68
95.57333333333334, 95.95646258503402, 68
97.39609977324263, 97.80244897959183, 68
98.63836734693878, 98.80090702947845, 68
105.6043537414966, 106.0107029478458, 68
106.99755102040817, 107.64770975056689, 68
107.99600907029479, 108.42557823129252, 68
109.81877551020408, 109.92326530612245, 68
110.20190476190476, 110.30639455782313, 68
110.57342403628118, 111.61832199546485, 68
111.78086167800454, 112.11755102040816, 68
112.59356009070295, 113.10439909297052, 68
113.40625850340136, 113.85904761904762, 68
114.41632653061224, 114.5904761904762, 68
116.58739229024944, 117.10984126984127, 68
117.19111111111111, 117.539410430839, 68
118.18956916099773, 118.5146485260771, 68
118.99065759637188, 119.4550566893424, 68
119.8033560090703, 120.24453514739228, 68
120.81342403628118, 120.99918367346939, 68
122.79873015873015, 123.4140589569161, 68
123.5998185941043, 123.6346485260771, 68
124.84208616780046, 125.06267573696145, 68
126.5835827664399, 126.87383219954648, 68
131.77324263038548, 131.81968253968253, 68
133.5960090702948, 133.88625850340136, 68
136.20825396825396, 136.61460317460316, 68
137.2067120181406, 138.00780045351473, 68
138.2051700680272, 138.71600907029477, 68
138.78566893424036, 139.88861678004534, 68
139.9931065759637, 140.3065759637188, 68
140.36462585034013, 140.41106575963718, 68
142.6053514739229, 143.03492063492064, 68
143.16263038548752, 143.6154195011338, 68
144.60226757369614, 145.04344671201815, 68
145.24081632653062, 146.21605442176872, 68
148.41034013605443, 149.40879818594104, 68
150.00090702947847, 150.33759637188209, 68
150.37242630385487, 150.40725623582767, 68
154.80743764172337, 155.80589569160998, 68
156.00326530612244, 156.38639455782314, 68
156.78113378684807, 157.23392290249433, 68
157.37324263038548, 157.60544217687075, 68
158.4065306122449, 158.52263038548753, 68
161.21614512471655, 161.76181405895693, 68
161.77342403628117, 162.21460317460318, 68
167.59002267573698, 167.9499319727891, 68
168.75102040816327, 169.2154195011338, 68
170.2138775510204, 170.44607709750568, 68
5.979138321995465, 6.710566893424036, 70
12.19047619047619, 13.188934240362812, 70
13.781043083900228, 14.210612244897959, 70
14.79111111111111, 14.8259410430839, 70
18.587573696145125, 18.970702947845805, 70
19.17968253968254, 19.60925170068027, 70
19.783401360544218, 20.39873015873016, 70
21.989297052154196, 22.3956462585034, 70
23.591473922902495, 24.392562358276646, 70
24.787301587301588, 25.205260770975055, 70
25.391020408163264, 25.808979591836735, 70
26.041179138321997, 26.354648526077096, 70
26.40108843537415, 26.59845804988662, 70
26.993197278911566, 27.39954648526077, 70
27.562086167800455, 27.620136054421767, 70
28.189024943310656, 28.606984126984127, 70
31.590748299319728, 32.31056689342404, 70
33.01877551020408, 33.065215419501136, 70
37.802086167800454, 38.138775510204084, 70
38.38258503401361, 38.70766439909297, 70
39.41587301587302, 39.46231292517007, 70
44.199183673469385, 44.52426303854875, 70
44.802902494331065, 44.919002267573696, 70
45.39501133786848, 45.66204081632653, 70
47.600907029478456, 48.00725623582766, 70
49.191473922902496, 50.004172335600906, 70
50.387301587301586, 50.758820861678004, 70
50.991020408163266, 51.28126984126984, 70
51.65278911564626, 51.93142857142857, 70
52.59319727891157, 52.97632653061225, 70
53.78902494331066, 54.206984126984125, 70
57.58548752834467, 57.713197278911565, 70
58.200816326530614, 58.258866213151926, 70
58.80453514739229, 59.33859410430839, 70
60.00036281179138, 60.20934240362812, 70
63.181496598639455, 63.59945578231292, 70
63.994195011337865, 64.12190476190476, 70
64.60952380952381, 64.66757369614513, 70
70.3912925170068, 70.5190022675737, 70
70.80925170068028, 70.91374149659863, 70
71.00662131519275, 71.06467120181406, 70
71.59873015873016, 72.14439909297052, 70
72.79455782312925, 72.95709750566894, 70
74.7914739229025, 75.24426303854875, 70
75.83637188208617, 75.89442176870749, 70
75.99891156462586, 76.34721088435374, 70
76.8, 76.92770975056689, 70
77.40371882086168, 77.51981859410431, 70
77.99582766439909, 78.2164172335601, 70
78.59954648526077, 79.00589569160998, 70
79.57478458049887, 80.0043537414966, 70
83.18548752834467, 84.12589569160998, 70
84.17233560090703, 84.50902494331066, 70
88.59573696145125, 89.2110657596372, 70
89.5825850340136, 90.03537414965986, 70
95.9912925170068, 96.49052154195012, 70
101.57569160997733, 101.6105215419501, 70
103.41006802721088, 103.45650793650793, 70
105.58113378684807, 106.05714285714286, 70
108.39074829931972, 108.7738775510204, 70
109.7839455782313, 110.20190476190476, 70
114.5904761904762, 115.54249433106575, 70
116.18104308390022, 116.62222222222222, 70
120.98757369614512, 121.9047619047619, 70
122.18340136054422, 122.79873015873015, 70
125.9914739229025, 126.80417233560091, 70
127.18730158730159, 127.558820861678, 70
127.77941043083901, 128.11609977324264, 70
128.17414965986396, 128.63854875283448, 70
129.39319727891157, 129.77632653061224, 70
130.60063492063492, 131.00698412698412, 70
134.3738775510204, 134.51319727891158, 70
135.0008163265306, 135.05886621315193, 70
135.60453514739228, 135.94122448979593, 70
136.78875283446712, 136.9512925170068, 70
139.9931065759637, 140.41106575963718, 70
140.79419501133788, 140.9102947845805, 70
141.39791383219955, 141.5140136054422, 70
142.00163265306122, 142.26866213151928, 70
147.20290249433106, 147.3190022675737, 70
149.59455782312926, 149.80353741496597, 70
151.59147392290248, 152.06748299319727, 70
152.61315192743766, 152.70603174603175, 70
152.76408163265307, 153.21687074829933, 70
153.6, 153.7277097505669, 70
154.20371882086167, 154.261768707483, 70
156.39800453514738, 156.8043537414966, 70
159.98548752834466, 160.1015873015873, 70
164.98938775510203, 165.48861678004536, 70
166.3825850340136, 166.8585941043084, 70
169.19219954648526, 169.59854875283446, 70
95.21342403628118, 95.59655328798186, 71
1.4048072562358276, 1.7182766439909296, 72
1.799546485260771, 1.9388662131519274, 72
2.0085260770975055, 2.380045351473923, 72
3.610702947845805, 3.7384126984126986, 72
3.8312925170068026, 4.040272108843538, 72
4.20281179138322, 4.400181405895691, 72
10.599909297052154, 11.00625850340136, 72
11.795736961451247, 12.213696145124716, 72
16.99700680272109, 17.41496598639456, 72
18.204444444444444, 18.61079365079365, 72
22.38403628117914, 23.591473922902495, 72
26.586848072562358, 27.00480725623583, 72
27.794285714285714, 28.200634920634922, 72
28.595374149659865, 29.814421768707483, 72
36.19990929705215, 36.594648526077094, 72
37.39573696145125, 37.802086167800454, 72
42.59700680272109, 43.01496598639456, 72
43.80444444444444, 44.210793650793654, 72
47.9956462585034, 49.02893424036281, 72
52.186848072562356, 52.60480725623583, 72
53.394285714285715, 53.81224489795918, 72
54.19537414965986, 55.42603174603175, 72
73.59564625850341, 74.15292517006803, 72
74.18775510204081, 74.53605442176871, 72
84.60190476190476, 84.79927437641723, 72
85.00825396825397, 85.4378231292517, 72
86.40145124716554, 86.88907029478457, 72
86.99356009070294, 87.43473922902494, 72
89.2110657596372, 89.42004535147392, 72
91.44018140589569, 91.498231292517, 72
98.98666666666666, 99.77614512471655, 72
100.21732426303855, 100.42630385487529, 72
103.79319727891156, 104.38530612244898, 72
106.9859410430839, 107.70575963718821, 72
112.99990929705216, 113.42947845804989, 72
114.19573696145125, 114.61369614512472, 72
119.3970068027211, 119.83818594104308, 72
120.59283446712018, 121.01079365079364, 72
125.37614512471656, 125.81732426303854, 72
128.98684807256237, 129.40480725623584, 72
130.1942857142857, 130.6122448979592, 72
130.99537414965985, 131.36689342403628, 72
131.37850340136055, 132.20281179138323, 72
150.3956462585034, 150.94131519274376, 72
150.9877551020408, 151.41732426303855, 72
163.18984126984128, 163.79356009070295, 72
7.209795918367347, 7.418775510204082, 73
10.193560090702947, 10.611519274376418, 73
11.38938775510204, 11.80734693877551, 73
12.051156462585034, 12.202086167800454, 73
13.606893424036281, 13.815873015873017, 73
16.590657596371884, 17.00861678004535, 73
17.786485260770974, 18.204444444444444, 73
20.003990929705214, 20.038820861678005, 73
26.192108843537415, 26.586848072562358, 73
27.39954648526077, 27.654965986394558, 73
29.791201814058958, 30.325260770975056, 73
35.79356009070295, 35.99092970521542, 73
37.000997732426306, 37.40734693877551, 73
42.190657596371885, 42.60861678004535, 73
43.39809523809524, 43.66512471655329, 73
51.79210884353741, 52.186848072562356, 73
52.99954648526077, 53.289795918367346, 73
55.39120181405896, 55.83238095238095, 73
70.00816326530612, 70.3912925170068, 73
79.99274376417233, 80.06240362811792, 73
80.42231292517006, 80.56163265306122, 73
80.6312925170068, 80.70095238095239, 73
81.58331065759637, 82.66303854875284, 73
83.18548752834467, 84.60190476190476, 73
86.1924716553288, 86.40145124716554, 73
89.39682539682539, 89.62902494331065, 73
95.17859410430839, 95.63138321995464, 73
104.80326530612246, 105.23283446712018, 73
110.15546485260771, 110.1902947845805, 73
112.59356009070295, 113.01151927437641, 73
113.78938775510204, 114.20734693877552, 73
116.01850340136055, 116.09977324263039, 73
118.99065759637188, 119.40861678004535, 73
120.19809523809523, 120.60444444444444, 73
120.84825396825397, 120.99918367346939, 73
122.41560090702947, 122.45043083900227, 73
128.5921088435374, 128.9984580498866, 73
129.79954648526078, 130.08979591836734, 73
132.20281179138323, 132.59755102040816, 73
138.82049886621314, 139.0875283446712, 73
139.8073469387755, 139.85378684807256, 73
145.17115646258503, 145.2059863945578, 73
146.80816326530612, 147.17968253968255, 73
156.8043537414966, 156.9901133786848, 73
157.41968253968253, 157.70993197278912, 73
158.4065306122449, 159.1031292517007, 73
169.65659863945578, 169.77269841269842, 73
170.2138775510204, 170.23709750566894, 73
170.2487074829932, 170.8756462585034, 73
171.21233560090704, 172.48943310657597, 73
23.591473922902495, 24.404172335600908, 74
49.191473922902496, 50.004172335600906, 74
50.03900226757369, 50.08544217687075, 74
53.2085260770975, 53.25496598639456, 74
74.7914739229025, 75.44163265306122, 74
100.78621315192744, 101.07646258503401, 74
125.9914739229025, 126.80417233560091, 74
151.59147392290248, 152.2532426303855, 74
4.597551020408163, 4.6439909297052155, 75
4.9806802721088435, 5.073560090702948, 75
5.561179138321996, 5.607619047619048, 75
9.798820861678005, 10.216780045351474, 75
10.994648526077098, 11.412607709750567, 75
16.195918367346938, 16.602267573696146, 75
17.39174603174603, 17.79809523809524, 75
22.987755102040815, 23.603083900226757, 75
25.78575963718821, 26.203718820861678, 75
26.993197278911566, 27.411156462585033, 75
27.596916099773242, 27.631746031746033, 75
30.1859410430839, 30.998639455782314, 75
31.184399092970523, 31.21922902494331, 75
35.398820861678004, 35.81678004535147, 75
36.594648526077094, 37.000997732426306, 75
44.83773242630385, 44.90739229024943, 75
48.59936507936508, 49.121814058956915, 75
52.59319727891157, 52.99954648526077, 75
55.797551020408164, 56.73795918367347, 75
57.58548752834467, 58.07310657596372, 75
58.792925170068024, 59.396643990929704, 75
61.99727891156463, 62.6009977324263, 75
63.994195011337865, 64.43537414965986, 75
65.20163265306122, 65.8053514739229, 75
68.39437641723356, 68.98648526077098, 75
69.60181405895692, 70.08943310657597, 75
70.3912925170068, 70.98340136054422, 75
71.5871201814059, 72.20244897959184, 75
73.58403628117914, 74.19936507936508, 75
76.8, 77.32244897959184, 75
77.99582766439909, 78.59954648526077, 75
85.99510204081632, 86.4130612244898, 75
90.9990022675737, 91.54467120181405, 75
94.19174603174604, 94.62131519274377, 75
95.9912925170068, 96.50213151927437, 75
97.39609977324263, 97.93015873015872, 75
98.59192743764173, 99.07954648526078, 75
100.58884353741496, 100.86748299319729, 75
105.6043537414966, 106.11519274376417, 75
106.99755102040817, 107.69414965986394, 75
111.1655328798186, 111.2584126984127, 75
111.56027210884353, 111.60671201814058, 75
112.198820861678, 112.6051700680272, 75
113.39464852607709, 113.78938775510204, 75
117.20272108843537, 117.23755102040816, 75
118.59591836734694, 119.00226757369614, 75
119.79174603174603, 120.17487528344671, 75
121.5912925170068, 121.69578231292518, 75
125.38775510204081, 125.88698412698413, 75
128.19736961451247, 128.61532879818594, 75
129.39319727891157, 129.79954648526078, 75
132.59755102040816, 133.41024943310657, 75
135.592925170068, 136.17342403628118, 75
138.8088888888889, 139.41260770975057, 75
140.79419501133788, 141.24698412698413, 75
142.00163265306122, 142.59374149659865, 75
143.9869387755102, 144.462947845805, 75
145.19437641723357, 145.79809523809524, 75
146.40181405895692, 146.80816326530612, 75
147.19129251700681, 147.62086167800453, 75
147.6556916099773, 147.78340136054422, 75
148.39873015873016, 148.9443990929705, 75
150.38403628117914, 150.99936507936508, 75
153.6, 154.041179138322, 75
154.7958276643991, 155.39954648526077, 75
159.98548752834466, 160.58920634920634, 75
161.20453514739228, 161.76181405895693, 75
166.3825850340136, 167.0095238095238, 75
167.59002267573698, 168.1705215419501, 75
134.04879818594105, 134.23455782312925, 76
0.034829931972789115, 0.06965986394557823, 77
1.4048072562358276, 1.7298866213151927, 77
1.811156462585034, 1.9620861678004535, 77
2.020136054421769, 2.681904761904762, 77
3.215963718820862, 3.4713832199546486, 77
3.610702947845805, 3.7500226757369615, 77
3.8080725623582765, 4.1099319727891155, 77
4.2260317460317465, 4.400181405895691, 77
4.609160997732427, 4.864580498866213, 77
5.027120181405896, 5.445079365079365, 77
6.397097505668934, 6.791836734693877, 77
7.778684807256236, 8.753922902494331, 77
9.380861678004536, 9.798820861678005, 77
10.414149659863945, 10.495419501133787, 77
12.794195011337868, 13.154104308390023, 77
14.187392290249432, 15.151020408163266, 77
15.789569160997733, 16.195918367346938, 77
21.59455782312925, 22.00090702947846, 77
24.624761904761904, 24.752471655328797, 77
24.83374149659864, 25.158820861678006, 77
28.23546485260771, 28.339954648526078, 77
31.997097505668933, 32.35700680272109, 77
33.3902947845805, 34.261043083900226, 77
34.9924716553288, 35.398820861678004, 77
38.417414965986396, 38.77732426303855, 77
39.7990022675737, 40.61170068027211, 77
41.38956916099773, 41.795918367346935, 77
47.19455782312925, 47.63573696145125, 77
48.44843537414966, 48.56453514739229, 77
49.005714285714284, 49.13342403628118, 77
50.387301587301586, 50.758820861678004, 77
51.22321995464853, 51.316099773242634, 77
56.79600907029479, 57.57387755102041, 77
58.200816326530614, 58.61877551020408, 77
59.396643990929704, 59.98875283446712, 77
60.395102040816326, 60.81306122448979, 77
61.39356009070295, 61.985668934240366, 77
62.6009977324263, 63.19310657596372, 77
63.59945578231292, 63.994195011337865, 77
64.58630385487528, 65.09714285714286, 77
65.79374149659864, 66.39746031746031, 77
66.43229024943311, 66.6877097505669, 77
66.80380952380952, 67.0592290249433, 77
67.80226757369614, 68.35954648526076, 77
68.99809523809523, 69.59020408163265, 77
70.98340136054422, 71.43619047619048, 77
72.19083900226758, 72.80616780045351, 77
73.18929705215419, 73.59564625850341, 77
74.03682539682539, 74.1297052154195, 77
74.18775510204081, 74.77986394557823, 77
75.83637188208617, 75.9524716553288, 77
75.99891156462586, 76.34721088435374, 77
76.39365079365079, 76.8, 77
77.38049886621314, 77.83328798185941, 77
78.59954648526077, 79.08716553287982, 77
80.0043537414966, 80.19011337868481, 77
80.60807256235827, 80.84027210884354, 77
81.01442176870748, 81.40916099773243, 77
81.45560090702948, 82.4540589569161, 77
83.19709750566894, 83.56861678004535, 77
83.61505668934241, 84.96181405895692, 77
84.99664399092971, 86.08798185941043, 77
90.60426303854875, 91.02222222222223, 77
92.58956916099773, 92.99591836734695, 77
93.5764172335601, 93.72734693877551, 77
93.79700680272109, 94.21496598639456, 77
95.02766439909297, 95.12054421768707, 77
95.17859410430839, 95.91002267573697, 77
97.00136054421769, 97.4077097505669, 77
100.22893424036282, 100.6120634920635, 77
100.99519274376418, 101.2390022675737, 77
102.24907029478459, 102.37678004535148, 77
108.8087074829932, 109.1221768707483, 77
109.20344671201813, 109.71428571428571, 77
110.20190476190476, 110.58503401360544, 77
110.6314739229025, 110.73596371882086, 77
110.82884353741497, 111.1655328798186, 77
111.78086167800454, 112.198820861678, 77
112.80253968253969, 112.87219954648526, 77
115.19419501133787, 115.58893424036282, 77
116.57578231292517, 117.57424036281179, 77
118.18956916099773, 118.6075283446712, 77
119.19963718820861, 119.2692970521542, 77
123.40244897959184, 123.68108843537415, 77
123.762358276644, 123.79718820861677, 77
124.01777777777778, 124.28480725623582, 77
125.2368253968254, 125.31809523809524, 77
127.22213151927437, 127.558820861678, 77
128.04643990929705, 128.20897959183674, 77
130.65868480725624, 130.72834467120182, 77
133.5960090702948, 134.2577777777778, 77
134.9775963718821, 135.4419954648526, 77
136.19664399092972, 136.78875283446712, 77
137.19510204081632, 137.60145124716553, 77
138.2051700680272, 138.76244897959182, 77
138.82049886621314, 139.0643083900227, 77
139.4009977324263, 139.94666666666666, 77
140.3994557823129, 140.79419501133788, 77
141.374693877551, 141.82748299319726, 77
142.59374149659865, 143.19746031746033, 77
143.2322902494331, 143.55736961451248, 77
143.60380952380953, 143.84761904761905, 77
144.60226757369614, 145.2059863945578, 77
145.79809523809524, 146.23927437641723, 77
147.78340136054422, 148.2245804988662, 77
149.00244897959183, 149.582947845805, 77
149.9892970521542, 150.40725623582767, 77
150.81360544217688, 150.94131519274376, 77
150.9877551020408, 151.5566439909297, 77
152.6015419501134, 153.6, 77
154.18049886621316, 154.65650793650795, 77
155.39954648526077, 156.29351473922904, 77
158.39492063492062, 159.04507936507937, 77
159.602358276644, 159.99709750566893, 77
160.5775963718821, 161.1000453514739, 77
161.7966439909297, 162.41197278911565, 77
165.9530158730159, 166.39419501133787, 77
167.0095238095238, 167.4507029478458, 77
168.8322902494331, 169.180589569161, 77
169.67981859410432, 169.88879818594106, 77
170.7827664399093, 171.10784580498867, 77
171.23555555555555, 172.094693877551, 77
13.990022675736961, 14.02485260770975, 78
20.038820861678005, 20.21297052154195, 78
22.00090702947846, 22.3956462585034, 78
47.600907029478456, 47.972426303854874, 78
54.4043537414966, 54.427573696145124, 78
75.40680272108844, 75.7667120181406, 78
96.80399092970522, 97.01297052154194, 78
102.4, 102.80634920634921, 78
116.3784126984127, 116.42485260770975, 78
122.43882086167801, 122.63619047619048, 78
124.40090702947846, 124.76081632653062, 78
152.20680272108842, 152.57832199546485, 78
152.63637188208617, 152.76408163265307, 78
22.3956462585034, 22.430476190476192, 79
99.74131519274377, 99.8225850340136, 79
101.19256235827665, 101.2390022675737, 79
102.179410430839, 102.22585034013605, 79
170.99174603174603, 171.03818594104308, 79
10.216780045351474, 10.425759637188209, 80
10.460589569160998, 10.50702947845805, 80
11.168798185941043, 11.23845804988662, 80
16.61387755102041, 16.81124716553288, 80
17.57750566893424, 17.635555555555555, 80
20.387120181405894, 20.93278911564626, 80
22.3956462585034, 22.720725623582766, 80
22.825215419501134, 22.86004535147392, 80
42.21387755102041, 42.4692970521542, 80
45.99873015873016, 46.126439909297055, 80
47.9956462585034, 48.46004535147392, 80
61.811519274376415, 61.869569160997735, 80
63.018956916099775, 63.08861678004535, 80
68.23183673469387, 68.27827664399094, 80
69.0445351473923, 69.29995464852608, 80
69.43927437641723, 69.46249433106576, 80
81.58331065759637, 82.73269841269841, 80
83.61505668934241, 83.64988662131519, 80
84.60190476190476, 84.65995464852608, 80
85.00825396825397, 85.06630385487529, 80
85.76290249433107, 85.7861224489796, 80
91.99746031746032, 92.0671201814059, 80
92.42702947845805, 92.5663492063492, 80
95.5849433106576, 95.91002267573697, 80
100.00834467120181, 100.21732426303855, 80
101.2041723356009, 101.40154195011338, 80
102.20263038548752, 102.38839002267574, 80
112.61678004535148, 112.98829931972789, 80
113.5804081632653, 113.62684807256235, 80
119.00226757369614, 119.19963718820861, 80
119.2344671201814, 119.38539682539682, 80
119.97750566893424, 120.02394557823129, 80
122.7871201814059, 123.35600907029479, 80
124.80725623582767, 125.34131519274376, 80
138.63473922902494, 138.70439909297053, 80
139.59836734693877, 139.77251700680273, 80
139.8073469387755, 139.88861678004534, 80
143.19746031746033, 143.2322902494331, 80
158.4065306122449, 158.52263038548753, 80
163.178231292517, 163.5265306122449, 80
171.0033560090703, 171.20072562358277, 80
171.24716553287982, 171.3516553287982, 80
7.453605442176871, 7.48843537414966, 82
7.558095238095238, 7.604535147392291, 82
12.434285714285714, 12.469115646258503, 82
13.839092970521541, 13.897142857142857, 82
18.83138321995465, 18.866213151927436, 82
19.783401360544218, 20.154920634920636, 82
22.04734693877551, 22.23310657596372, 82
24.125532879818593, 24.392562358276646, 82
24.79891156462585, 25.077551020408162, 82
26.16888888888889, 26.21532879818594, 82
44.3849433106576, 44.4778231292517, 82
45.39501133786848, 45.77814058956916, 82
47.64734693877551, 47.85632653061224, 82
50.387301587301586, 50.54984126984127, 82
59.025124716553286, 59.25732426303855, 82
63.20471655328798, 63.297596371882086, 82
71.83092970521542, 72.08634920634921, 82
75.83637188208617, 75.90603174603174, 82
75.97569160997732, 76.21950113378685, 82
78.04226757369615, 78.20480725623582, 82
78.64598639455782, 78.77369614512472, 82
96.00290249433107, 96.32798185941043, 82
99.79936507936507, 100.01995464852608, 82
101.40154195011338, 101.62213151927438, 82
101.99365079365079, 102.36517006802721, 82
116.22748299319728, 116.28553287981859, 82
116.35519274376418, 116.42485260770975, 82
122.18340136054422, 122.61297052154195, 82
127.19891156462585, 127.34984126984126, 82
135.65097505668933, 135.76707482993197, 82
140.00471655328798, 140.1904761904762, 82
142.04807256235827, 142.1641723356009, 82
152.61315192743766, 153.05433106575964, 82
163.80517006802722, 164.21151927437643, 82
101.6105215419501, 101.958820861678, 83
134.0255782312925, 134.10684807256237, 83
164.4088888888889, 164.75718820861678, 83
1.7647165532879818, 1.8575963718820863, 84
15.24390022675737, 15.394829931972788, 84
21.037278911564627, 21.095328798185943, 84
22.38403628117914, 22.453696145124717, 84
28.83918367346939, 28.908843537414967, 84
46.625668934240366, 46.69532879818594, 84
91.44018140589569, 91.48662131519275, 84
98.99827664399093, 99.17242630385488, 84
99.20725623582767, 99.36979591836734, 84
113.23210884353742, 113.29015873015874, 84
119.62920634920636, 119.69886621315193, 84
131.2391836734694, 131.4249433106576, 84
131.6455328798186, 131.68036281179138, 84
131.81968253968253, 131.85451247165534, 84
133.4334693877551, 133.561179138322, 84
152.23002267573696, 152.29968253968255, 84
164.21151927437643, 164.26956916099772, 84
0.615328798185941, 0.6501587301587302, 85
44.802902494331065, 44.84934240362812, 85
80.45714285714286, 80.56163265306122, 85
80.64290249433107, 80.68934240362812, 85
81.59492063492064, 81.78068027210884, 85
158.4065306122449, 158.66195011337868, 85
171.21233560090704, 171.4097052154195, 85
19.760181405895693, 19.79501133786848, 86
24.14875283446712, 24.392562358276646, 86
46.53278911564626, 46.56761904761905, 86
49.771972789115644, 49.99256235827664, 86
50.224761904761905, 50.41052154195011, 86
75.8247619047619, 75.99891156462586, 86
152.6247619047619, 152.79891156462585, 86
9.798820861678005, 10.077460317460318, 87
16.195918367346938, 16.50938775510204, 87
26.02956916099773, 26.180498866213153, 87
35.445260770975054, 35.514920634920635, 87
35.58458049886622, 35.60780045351474, 87
35.619410430839004, 35.735510204081635, 87
42.03972789115646, 42.132607709750566, 87
62.54294784580499, 62.6009977324263, 87
69.93850340136055, 70.00816326530612, 87
86.00671201814059, 86.06476190476191, 87
92.0322902494331, 92.10195011337869, 87
97.8140589569161, 97.89532879818594, 87
112.198820861678, 112.37297052154194, 87
112.43102040816326, 112.51229024943311, 87
118.59591836734694, 118.89777777777778, 87
0.034829931972789115, 0.06965986394557823, 89
8.370793650793651, 8.510113378684807, 89
24.61315192743764, 24.79891156462585, 89
25.44907029478458, 25.48390022675737, 89
28.258684807256238, 28.339954648526078, 89
33.8314739229025, 33.877913832199546, 89
40.22857142857143, 40.27501133786848, 89
50.21315192743764, 50.41052154195011, 89
51.65278911564626, 51.78049886621315, 89
53.74258503401361, 53.80063492063492, 89
74.62893424036281, 74.72181405895692, 89
76.40526077097506, 76.47492063492064, 89
78.6227664399093, 78.6575963718821, 89
80.02757369614513, 80.06240362811792, 89
80.64290249433107, 80.80544217687074, 89
81.01442176870748, 81.06086167800453, 89
92.75210884353741, 92.98430839002268, 89
93.82022675736961, 93.8550566893424, 89
95.0160544217687, 95.10893424036281, 89
95.61977324263039, 95.70104308390023, 89
100.40308390022676, 100.58884353741496, 89
106.38222222222223, 106.4518820861678, 89
108.8087074829932, 108.87836734693877, 89
109.20344671201813, 109.27310657596372, 89
110.79401360544217, 110.84045351473922, 89
112.04789115646258, 112.198820861678, 89
116.57578231292517, 116.61061224489796, 89
117.21433106575964, 117.24916099773243, 89
117.55102040816327, 117.59746031746032, 89
117.63229024943311, 117.72517006802721, 89
124.35446712018141, 124.37768707482994, 89
127.01315192743765, 127.18730158730159, 89
128.04643990929705, 128.0928798185941, 89
134.01396825396824, 134.08362811791383, 89
134.96598639455783, 135.0008163265306, 89
135.37233560090704, 135.40716553287982, 89
144.9621768707483, 145.00861678004534, 89
145.15954648526076, 145.19437641723357, 89
147.64408163265307, 147.7950113378685, 89
152.76408163265307, 152.79891156462585, 89
152.8453514739229, 153.58839002267572, 89
158.4065306122449, 158.69678004535146, 89
159.61396825396827, 159.64879818594105, 89
162.44680272108843, 162.47002267573697, 89
169.66820861678005, 169.8771882086168, 89
171.23555555555555, 171.2819954648526, 89
29.210702947845807, 29.245532879818594, 90
47.62412698412698, 47.658956916099775, 90
32.41505668934241, 32.82140589569161, 91
33.053605442176874, 33.3902947845805, 91
38.8237641723356, 39.21850340136054, 91
39.43909297052154, 39.787392290249436, 91
45.2324716553288, 45.38340136054422, 91
64.43537414965986, 64.59791383219955, 91
90.03537414965986, 90.43011337868481, 91
96.45569160997732, 96.80399092970522, 91
101.19256235827665, 101.2390022675737, 91
103.44489795918368, 103.78158730158731, 91
134.9427664399093, 135.0008163265306, 91
141.23537414965986, 141.39791383219955, 91
147.6324716553288, 147.69052154195012, 91
154.041179138322, 154.20371882086167, 91
160.43827664399092, 160.5775963718821, 91
22.418866213151926, 22.46530612244898, 92
46.010340136054424, 46.05678004535147, 92
48.01886621315193, 48.10013605442177, 92
66.40907029478458, 66.46712018140589, 92
80.4107029478458, 80.56163265306122, 92
80.64290249433107, 80.70095238095239, 92
81.64136054421769, 81.78068027210884, 92
92.02068027210885, 92.10195011337869, 92
100.01995464852608, 100.10122448979592, 92
101.2041723356009, 101.40154195011338, 92
102.2142403628118, 102.31873015873016, 92
124.81886621315192, 124.93496598639456, 92
125.22521541950114, 125.27165532879819, 92
158.41814058956916, 158.54585034013604, 92
171.01496598639457, 171.1891156462585, 92
171.24716553287982, 171.3516553287982, 92
24.624761904761904, 24.694421768707482, 94
24.76408163265306, 24.79891156462585, 94
32.41505668934241, 32.79818594104309, 94
33.053605442176874, 33.12326530612245, 94
38.8237641723356, 39.19528344671202, 94
45.244081632653064, 45.38340136054422, 94
64.44698412698413, 64.55147392290249, 94
64.62113378684808, 64.66757369614513, 94
90.61587301587302, 90.80163265306122, 94
96.75755102040816, 96.79238095238095, 94
102.2142403628118, 102.34195011337869, 94
103.42167800453515, 103.78158730158731, 94
110.82884353741497, 110.86367346938775, 94
141.24698412698413, 141.39791383219955, 94
152.7524716553288, 152.79891156462585, 94
101.6105215419501, 101.83111111111111, 95
164.4088888888889, 164.71074829931973, 95
40.84390022675737, 40.87873015873016, 96
7.174965986394557, 7.209795918367347, 98
26.02956916099773, 26.087619047619047, 99
26.41269841269841, 26.586848072562358, 99
32.41505668934241, 32.79818594104309, 99
33.053605442176874, 33.12326530612245, 99
38.81215419501134, 39.19528344671202, 99
39.41587301587302, 39.52036281179139, 99
45.2324716553288, 45.38340136054422, 99
53.16208616780045, 53.19691609977324, 99
64.43537414965986, 64.59791383219955, 99
66.42068027210884, 66.46712018140589, 99
90.0237641723356, 90.43011337868481, 99
90.95256235827664, 91.01061224489796, 99
96.42086167800454, 96.78077097505668, 99
97.34965986394558, 97.4077097505669, 99
103.42167800453515, 103.52616780045352, 99
104.55945578231292, 104.6291156462585, 99
110.80562358276644, 110.86367346938775, 99
122.02086167800454, 122.14857142857143, 99
129.75310657596373, 129.77632653061224, 99
141.23537414965986, 141.38630385487528, 99
143.2322902494331, 143.27873015873016, 99
147.62086167800453, 147.69052154195012, 99
154.041179138322, 154.20371882086167, 99
158.03501133786847, 158.06984126984128, 99
160.43827664399092, 160.5775963718821, 99
6.815056689342404, 6.942766439909297, 103
13.223764172335601, 13.339863945578232, 103
19.620861678004534, 19.771791383219956, 103
27.573696145124718, 27.596916099773242, 103
32.40344671201814, 32.833015873015874, 103
33.01877551020408, 33.40190476190476, 103
38.75410430839002, 39.230113378684806, 103
39.41587301587302, 39.7990022675737, 103
45.20925170068027, 45.39501133786848, 103
53.15047619047619, 53.2433560090703, 103
58.026666666666664, 58.212426303854876, 103
64.4237641723356, 64.6443537414966, 103
77.25278911564625, 77.40371882086168, 103
90.0237641723356, 90.43011337868481, 103
90.60426303854875, 90.6507029478458, 103
96.4324716553288, 96.80399092970522, 103
102.82956916099774, 103.20108843537415, 103
103.42167800453515, 103.79319727891156, 103
104.2227664399093, 104.28081632653061, 103
115.6237641723356, 115.82113378684807, 103
122.02086167800454, 122.19501133786848, 103
141.23537414965986, 141.39791383219955, 103
147.62086167800453, 147.71374149659863, 103
154.02956916099774, 154.21532879818594, 103
160.43827664399092, 160.6008163265306, 103
